511
313 422 489
313 124 66
422 470 135
422 420 407
124 177 83
124 57 396
470 326 249
470 82 366
420 52 201
420 356 200
177 369 437
177 511 401
57 425 165
57 97 387
326 361 98
326 310 494
82 383 444
82 293 291
52 143 399
52 319 11
356 32 267
356 30 255
369 466 134
369 189 53
511 269 252
511 91 293
425 477 251
425 331 370
97 267 157
97 182 355
361 154 402
361 142 498
310 509 421
310 37 36
383 302 404
383 150 355
293 128 432
293 268 152
143 169 72
143 501 484
319 3 204
319 214 361
32 353 385
32 2 368
30 482 247
30 50 482
466 417 362
466 130 190
189 497 124
189 394 260
269 162 200
269 159 242
91 14 367
91 207 186
477 440 294
477 95 470
331 42 330
331 358 396
267 155 339
267 137 487
182 403 251
182 99 240
154 140 484
154 17 171
142 312 276
142 11 387
509 22 25
509 88 59
37 235 390
37 152 96
302 489 42
302 176 93
150 185 456
150 252 426
128 222 461
128 203 54
268 301 260
268 284 174
169 193 243
169 131 235
501 435 433
501 279 295
3 486 477
3 73 151
214 496 332
214 424 270
353 433 121
353 397 13
2 337 166
2 308 459
482 297 351
482 118 268
50 107 51
50 413 334
417 488 438
417 272 178
130 12 72
130 219 314
497 211 236
497 220 314
394 426 261
394 180 129
162 334 406
162 342 69
159 408 407
159 437 218
14 109 122
14 352 166
207 108 243
207 270 217
440 121 252
440 167 28
95 365 11
95 174 228
42 354 178
42 132 194
358 78 350
358 451 298
155 494 206
155 452 15
137 190 109
137 419 409
403 491 134
403 476 11
99 238 94
99 373 423
140 151 188
140 55 166
17 336 236
17 463 275
312 382 331
312 66 496
11 251 403
11 296 88
22 72 64
22 443 161
88 49 306
88 504 38
235 430 326
235 93 400
152 170 254
152 165 78
489 209 427
489 245 116
176 187 157
176 363 105
185 26 309
185 247 6
252 112 254
252 243 366
222 35 372
222 265 214
203 395 274
203 200 5
301 217 224
301 311 220
284 392 427
284 226 411
193 344 237
193 40 14
131 360 37
131 125 67
435 181 10
435 81 440
279 145 154
279 423 425
486 374 100
486 318 311
73 10 462
73 191 278
496 230 211
496 510 215
424 115 207
424 282 137
433 198 330
433 444 215
397 79 241
397 199 490
337 441 221
337 333 347
308 260 208
308 411 92
297 62 60
297 468 333
118 389 449
118 332 284
107 401 52
107 449 375
413 212 46
413 6 288
488 149 389
488 144 83
272 321 354
272 127 250
12 41 374
12 324 360
219 34 26
219 436 325
211 146 170
211 493 488
220 208 454
220 299 380
426 446 54
426 418 160
180 454 369
180 291 236
334 101 227
334 178 461
342 141 77
342 384 447
408 173 307
408 36 284
437 447 390
437 119 367
109 500 469
109 171 338
352 484 2
352 307 372
108 183 65
108 51 47
270 16 160
270 368 305
121 5 129
121 359 365
167 254 406
167 259 2
365 357 76
365 315 431
174 210 327
174 410 246
354 266 418
354 475 280
132 339 477
132 24 324
78 350 292
78 126 345
451 330 59
451 8 370
494 59 158
494 327 487
452 483 316
452 158 464
190 90 271
190 385 57
419 56 182
419 287 91
491 495 247
491 415 183
476 271 462
476 388 311
238 33 82
238 434 473
373 188 467
373 25 210
151 205 338
151 427 372
55 77 64
55 294 265
336 375 302
336 231 242
463 508 10
463 351 72
382 29 373
382 406 339
66 85 247
66 393 16
251 396 35
251 7 305
296 283 385
296 53 192
72 94 291
72 148 52
443 450 156
443 400 413
49 102 109
49 250 189
504 157 355
504 69 355
430 166 372
430 135 317
93 221 17
93 317 305
170 278 289
170 48 483
165 479 14
165 498 478
209 264 354
209 161 429
245 320 243
245 505 7
187 412 170
187 175 104
363 366 430
363 381 395
26 1 442
26 348 176
247 92 410
247 458 477
112 391 332
112 47 295
243 45 20
243 257 475
35 273 198
35 416 175
265 111 239
265 179 306
395 71 364
395 218 94
200 114 12
200 448 87
217 473 410
217 23 28
311 70 391
311 487 50
392 98 362
392 192 256
226 362 380
226 54 67
344 288 185
344 276 474
40 464 426
40 285 206
360 89 429
360 113 355
125 233 100
125 184 223
181 340 31
181 18 362
81 380 51
81 481 362
145 28 8
145 83 70
423 204 336
423 123 205
374 21 97
374 168 75
318 196 11
318 405 312
10 120 20
10 387 374
191 60 250
191 58 281
230 428 254
230 138 140
510 407 330
510 502 115
115 414 247
115 376 61
282 244 182
282 63 283
198 390 386
198 206 107
444 499 341
444 215 167
79 323 313
79 338 440
199 364 389
199 20 343
441 248 301
441 65 439
333 457 57
333 480 160
260 256 360
260 277 392
411 46 365
411 281 456
62 96 318
62 68 227
468 213 119
468 314 337
389 306 100
389 129 368
332 156 117
332 404 353
401 286 359
401 255 299
449 280 320
449 27 106
212 429 211
212 325 353
6 349 240
6 195 449
149 329 311
149 467 80
144 261 115
144 485 123
321 445 20
321 117 3
127 274 466
127 309 172
41 378 293
41 275 22
324 456 332
324 465 4
34 507 265
34 160 48
436 64 460
436 371 435
146 103 274
146 303 78
493 122 123
493 386 373
208 163 298
208 295 92
299 438 78
299 116 156
446 19 242
446 228 397
418 242 261
418 377 304
454 409 249
454 421 353
291 298 252
291 379 59
101 506 432
101 87 366
178 147 33
178 461 303
141 76 220
141 442 498
384 490 327
384 289 364
173 216 371
173 105 10
36 186 368
36 229 488
447 478 57
447 44 179
119 31 274
119 15 330
500 232 256
500 67 396
171 164 54
171 239 405
484 367 339
484 234 483
307 104 61
307 399 80
183 469 231
183 139 173
51 43 236
51 328 331
16 236 25
16 492 487
368 133 389
368 9 457
5 136 205
5 305 422
359 402 259
359 347 424
254 61 271
254 304 437
259 322 140
259 439 494
357 372 446
357 370 7
315 343 481
315 292 2
210 472 185
210 455 106
410 86 183
410 240 292
266 398 1
266 223 89
475 249 197
475 341 192
339 459 71
339 224 257
24 474 123
24 300 302
350 74 429
350 225 358
126 75 132
126 38 306
330 153 345
330 460 373
8 253 262
8 4 401
59 13 146
59 39 372
327 246 324
327 110 268
483 202 309
483 227 315
158 134 261
158 262 106
90 432 321
90 290 93
385 194 108
385 100 5
56 471 198
56 237 142
287 346 149
287 197 51
495 258 230
495 345 345
415 335 242
415 263 153
271 453 453
271 431 364
388 80 306
388 355 233
33 172 74
33 503 437
434 241 38
434 106 418
188 201 161
188 84 151
25 462 318
25 316 158
473
380 157
287 3
390 195
245 81
197 261
194 209
437 11
288 174
227 112
179 228
494 162
507 75
326 49
55 124
348 229
428 109
404 84
411 140
271 41
224 55
312 150
66 213
409 125
9 200
373 205
408 289
65 83
61 215
201 290
391 186
508 262
478 198
196 240
292 208
452 278
251 253
483 116
471 289
54 126
341 280
385 268
393 288
223 106
92 17
266 163
230 87
169 125
143 246
344 226
370 217
151 53
293 127
37 129
477 177
152 26
147 33
234 217
493 109
129 299
88 206
320 46
50 12
46 103
99 286
78 220
97 133
15 290
282 87
100 121
52 115
362 118
500 140
242 154
510 224
345 208
461 69
284 10
75 32
53 66
351 287
60 249
465 118
327 113
448 129
247 46
303 138
70 162
281 262
26 298
263 212
474 219
166 44
211 224
94 22
36 81
407 195
334 206
321 70
322 33
360 78
62 236
243 151
115 217
64 142
257 126
71 125
81 210
490 187
236 208
369 275
462 173
110 208
181 145
41 285
388 37
460 190
103 174
486 250
188 204
121 172
367 161
104 122
29 267
346 136
86 195
468 99
40 82
72 100
84 220
449 115
306 177
484 207
274 17
222 94
389 48
4 194
479 270
192 9
146 80
130 177
254 36
425 252
155 85
377 232
231 288
279 173
76 121
116 161
189 122
8 24
429 84
331 34
45 198
269 102
28 170
324 92
427 200
480 251
244 192
424 119
347 117
392 68
349 26
178 185
31 213
218 125
294 78
305 182
450 186
302 157
402 59
470 221
68 160
184 195
174 152
217 147
182 67
309 24
304 60
489 240
149 100
95 195
154 273
253 297
232 297
170 194
136 140
410 248
469 197
123 31
504 67
177 13
495 151
265 144
22 198
311 115
126 20
203 27
25 297
502 205
238 184
383 107
204 177
107 95
33 53
105 80
248 294
233 171
431 156
276 105
458 110
6 7
285 299
418 82
114 3
167 295
315 28
317 194
467 243
80 224
260 225
111 61
405 236
329 127
286 256
336 185
290 241
451 27
180 212
1 289
131 284
3 147
250 147
387 212
215 241
463 199
74 292
356 286
264 69
10 199
319 90
255 178
406 205
497 89
355 12
511 259
51 135
372 39
57 152
426 129
212 262
297 128
226 189
87 249
440 254
237 196
221 186
382 247
258 275
328 97
39 287
5 258
359 243
190 134
357 169
175 235
333 32
475 212
38 221
106 153
42 110
275 10
365 30
447 66
44 150
117 93
142 24
209 285
280 183
16 228
165 113
156 196
35 55
340 54
185 145
109 61
20 1
371 82
354 59
277 275
307 178
473 45
246 232
422 172
125 178
118 101
67 158
401 262
187 64
73 78
160 114
414 174
220 140
300 195
337 291
358 289
135 40
171 15
162 25
49 222
441 242
299 138
350 118
436 48
195 243
366 14
501 108
343 243
339 95
459 218
7 218
273 24
186 263
235 201
58 247
157 192
128 53
191 104
444 153
379 117
325 234
56 266
24 42
453 73
416 213
124 32
433 113
141 252
434 98
133 138
396 225
503 91
413 275
43 94
395 139
289 269
202 107
439 298
79 211
34 253
164 216
338 180
272 28
17 230
506 81
69 274
139 121
455 185
239 78
48 274
108 1
19 11
438 291
208 94
159 135
363 255
150 126
456 247
498 206
161 223
163 84
59 131
386 14
301 110
268 276
403 204
435 78
397 83
256 201
420 41
132 87
120 168
423 220
446 115
445 97
384 52
2 140
11 218
200 237
83 217
249 243
464 289
278 279
417 285
291 83
454 113
491 240
353 208
77 60
140 197
335 182
90 195
394 79
205 247
270 5
214 55
262 202
361 134
198 189
499 103
295 174
13 275
134 22
364 146
472 141
400 119
228 197
330 281
457 88
466 133
421 249
298 30
240 174
96 280
85 66
12 256
138 92
314 5
476 215
398 203
316 254
310 148
505 150
213 32
144 147
241 206
216 86
21 48
18 39
148 26
376 150
381 265
229 53
89 224
158 110
308 193
219 42
206 6
23 225
332 181
63 191
485 226
443 262
112 64
122 205
173 27
252 71
32 48
283 84
430 285
412 3
47 37
137 184
496 152
207 120
352 30
313 57
415 258
176 78
323 147
145 283
153 279
259 111
