915
465 116 419
616 692 159
776 811 394
82 696 475
399 437 51
679 744 469
366 826 284
410 476 376
467 139 100
764 232 443
280 748 55
815 36 498
871 365 433
734 803 106
735 5 104
796 323 298
625 522 293
292 46 431
178 473 411
112 540 168
407 460 63
7 19 230
170 745 403
821 454 253
568 766 500
395 756 246
70 889 308
472 202 388
760 847 166
320 66 54
452 133 418
110 123 142
562 699 10
631 901 248
654 336 181
177 599 437
812 583 255
794 747 441
860 411 474
86 791 11
553 314 93
726 1 230
168 388 55
254 430 343
695 167 461
371 88 488
397 173 451
414 819 292
626 252 405
805 34 436
348 20 157
777 235 179
589 652 389
852 382 420
533 169 17
162 619 186
765 832 390
145 207 212
687 861 235
857 593 15
633 597 301
125 575 276
837 474 482
129 767 63
636 836 309
802 376 470
369 120 221
243 856 229
94 421 472
807 639 322
282 237 282
864 863 300
435 78 125
274 434 318
381 829 64
459 198 405
693 486 185
893 551 467
176 497 451
193 247 404
18 598 230
344 564 76
98 881 225
226 495 262
296 724 8
574 716 387
155 505 293
491 874 163
30 762 196
752 640 127
601 79 15
580 258 475
552 849 62
339 789 216
585 714 173
461 899 123
878 17 196
191 327 203
65 438 206
172 253 468
294 672 398
353 261 205
27 403 392
581 113 106
43 347 50
723 509 50
677 827 114
182 721 114
64 246 168
160 218 391
577 565 300
84 80 93
914 373 414
330 671 266
848 200 110
713 54 35
58 166 439
817 205 196
809 60 457
731 719 120
810 221 236
179 891 69
651 32 396
148 100 227
698 223 215
67 91 254
175 171 481
478 48 212
429 379 492
74 71 217
868 263 62
662 81 459
448 290 342
828 781 385
613 3 10
506 628 304
394 544 25
75 504 297
288 785 258
823 284 335
663 124 344
222 520 189
131 402 138
750 73 423
141 352 229
754 188 434
884 618 242
424 356 493
609 35 398
377 300 234
850 440 232
387 23 4
736 697 113
375 335 28
499 673 27
554 341 46
349 822 153
439 325 47
684 449 486
319 345 123
13 383 311
786 782 355
542 518 299
788 95 340
513 386 75
416 704 455
378 134 461
824 742 414
484 361 109
870 559 500
622 859 154
896 680 358
660 117 131
317 579 300
277 316 224
118 573 330
708 413 181
614 334 290
876 621 383
886 528 27
271 858 53
475 751 468
61 485 290
469 632 291
142 869 174
370 307 238
758 445 186
415 219 337
656 450 350
201 800 433
308 711 114
220 428 310
389 189 298
350 42 126
115 359 80
144 26 342
783 658 485
883 507 498
761 779 41
700 151 376
130 865 281
299 104 245
867 49 59
531 617 282
409 778 273
241 610 332
239 556 180
596 363 33
59 503 93
649 665 9
770 184 365
510 90 156
620 718 10
262 392 327
774 114 144
51 391 468
541 436 19
907 468 242
590 297 497
602 905 485
690 329 441
584 653 7
164 524 161
362 89 448
769 96 252
603 720 129
55 549 10
712 57 317
401 322 289
45 842 274
154 487 49
309 106 60
321 313 157
40 204 143
537 303 175
466 146 125
607 903 499
717 738 234
877 306 226
458 885 264
516 368 342
676 419 446
107 342 27
866 153 222
140 99 109
792 887 303
444 488 292
270 799 75
816 526 162
328 529 304
38 332 400
604 566 451
808 396 411
471 592 408
508 490 69
442 37 466
229 214 266
457 138 113
661 423 376
701 739 163
333 560 385
157 725 344
737 729 326
119 561 475
594 624 191
337 278 175
548 694 205
121 405 339
911 122 364
830 331 456
667 240 121
210 880 46
755 69 387
913 426 382
186 68 196
149 591 450
199 686 9
273 567 255
364 305 267
835 12 25
147 233 358
77 463 46
217 15 27
156 534 233
279 483 481
127 197 175
772 674 164
29 326 339
834 645 230
572 525 164
174 494 116
833 644 356
455 203 461
558 703 163
180 318 42
647 295 183
511 31 90
888 443 164
456 746 315
846 685 358
400 898 436
608 675 100
159 854 104
346 496 1
251 710 362
670 234 313
571 798 332
722 340 157
730 244 481
820 211 19
545 768 210
192 797 124
806 245 485
843 523 414
657 539 35
912 646 299
844 587 7
358 281 274
431 432 392
230 894 146
136 635 142
740 255 433
249 143 477
420 269 265
743 209 112
873 374 182
535 678 41
272 256 119
612 839 444
33 634 176
360 519 8
790 351 152
228 260 76
52 102 476
588 851 403
546 900 423
706 715 283
727 795 16
92 840 148
668 643 420
384 757 120
530 311 80
418 372 110
298 264 184
691 915 435
50 158 234
532 648 185
355 605 159
902 268 14
895 569 430
312 187 459
39 890 459
150 195 59
338 538 203
892 462 459
227 682 465
741 105 427
814 87 89
759 515 447
83 404 292
427 103 483
161 775 26
97 231 262
749 489 131
784 482 22
190 93 43
557 425 264
702 267 424
650 265 180
479 28 380
642 909 452
578 212 419
629 343 240
771 825 117
225 276 130
787 406 270
433 733 284
480 108 484
897 477 183
287 236 25
512 470 378
517 732 239
185 872 272
101 385 315
257 53 491
855 451 144
6 502 390
242 879 23
793 606 68
9 804 19
208 514 398
259 315 162
152 22 287
688 570 431
25 63 462
398 845 228
641 838 373
536 24 333
630 47 479
666 882 151
576 76 341
481 354 115
238 302 208
16 126 62
109 813 480
453 563 325
773 2 72
600 111 262
492 11 482
555 493 382
627 447 498
818 393 134
904 689 426
56 875 219
586 367 113
417 250 76
62 543 15
85 728 238
801 464 31
213 841 350
521 681 231
853 655 90
14 906 363
637 248 363
183 266 247
638 780 490
908 498 352
21 301 319
659 357 441
862 446 32
380 441 461
669 215 61
611 283 149
501 683 402
527 206 97
547 8 40
4 831 128
500 275 332
304 128 184
163 181 37
216 615 437
135 763 231
165 137 1
707 664 416
194 289 289
293 286 198
582 709 257
10 132 76
412 310 56
705 550 435
285 910 79
595 623 182
324 224 307
196 408 399
44 291 206
72 753 124
390 41 313
422 465 281
616 811 254
82 399 458
679 366 198
410 139 495
764 280 414
815 871 63
734 5 251
323 522 325
46 178 175
112 407 239
7 170 19
454 766 323
756 70 424
202 760 218
320 452 4
123 699 400
901 654 250
177 583 3
794 411 13
86 314 253
1 168 270
430 167 98
88 397 165
819 626 201
805 20 280
235 652 172
382 169 427
162 765 225
207 861 143
857 597 85
125 837 144
767 836 107
376 369 194
243 421 191
639 282 457
864 435 335
274 829 111
198 486 98
551 176 206
193 18 317
564 881 88
495 296 134
574 505 185
491 762 68
752 601 152
580 552 177
789 585 340
899 17 39
327 438 95
172 672 442
261 27 24
581 347 481
509 827 60
182 64 112
218 577 227
84 914 101
330 848 120
713 58 31
205 809 443
719 810 336
179 32 102
148 698 92
91 171 351
478 429 178
74 263 63
81 290 348
828 3 247
506 394 72
504 785 405
284 124 126
222 402 315
750 141 148
188 618 163
356 609 91
377 850 480
23 697 403
375 673 141
554 349 373
325 684 180
345 383 436
786 542 21
95 513 179
416 134 314
742 484 276
559 622 137
896 117 52
317 316 330
573 708 385
334 876 80
528 271 300
751 61 252
469 869 491
370 758 400
415 656 235
201 711 265
220 189 172
350 359 8
144 783 255
507 779 452
151 130 390
104 867 134
617 778 38
241 556 491
596 503 306
665 184 249
510 620 481
262 114 159
391 436 97
907 590 187
602 329 340
653 164 57
362 769 440
603 549 361
57 401 385
842 154 280
309 321 251
40 537 67
466 903 80
717 306 62
885 368 479
676 342 194
866 140 15
792 488 283
799 816 114
529 332 145
566 396 271
471 508 316
37 229 117
457 423 108
739 333 191
725 729 126
119 624 3
278 548 433
405 122 453
830 667 171
880 69 8
426 186 94
591 199 420
273 364 336
835 147 196
463 15 191
156 483 385
127 674 380
326 645 238
572 174 353
833 203 77
558 180 221
647 31 374
443 456 365
685 898 498
675 854 313
346 710 103
670 798 231
722 730 486
211 768 259
192 806 103
523 539 499
912 587 159
281 432 488
230 635 217
740 143 175
420 209 22
873 535 225
272 612 251
634 519 277
351 228 476
52 588 458
900 706 347
727 92 451
643 384 310
311 418 364
298 915 10
158 648 399
605 268 241
569 187 267
39 150 429
538 462 102
682 741 40
87 515 50
83 427 267
775 231 243
489 784 267
93 425 319
267 265 91
28 909 296
212 629 330
825 276 164
787 433 21
108 477 211
236 512 151
732 872 274
101 53 271
451 502 234
242 793 405
804 514 304
315 152 312
688 25 264
845 838 97
536 630 42
666 576 54
354 238 292
126 813 348
453 2 75
111 11 369
555 627 185
818 689 466
875 586 302
417 543 184
85 801 250
841 681 373
655 906 110
248 266 451
638 498 466
21 659 10
862 380 438
215 283 48
501 527 299
547 4 36
275 128 115
163 615 361
763 165 126
664 194 108
293 582 414
10 412 18
550 910 231
623 324 68
408 44 427
753 41 417
422 811 416
399 366 251
410 280 341
815 5 434
323 178 45
112 7 215
766 70 224
760 452 309
123 654 254
177 794 129
314 168 59
167 397 34
819 805 388
652 169 332
765 861 322
597 125 410
767 376 378
421 282 442
435 829 310
198 176 61
193 881 196
296 505 365
762 601 350
580 789 121
899 327 293
172 27 122
347 827 98
182 218 343
914 848 107
713 809 3
810 32 478
148 171 16
478 74 424
290 3 425
394 504 37
284 402 291
750 618 111
356 850 355
23 673 33
554 684 415
383 786 427
95 134 232
484 559 394
896 317 362
708 334 452
528 61 131
469 758 128
415 711 284
220 359 160
144 779 487
130 104 396
617 241 131
596 184 285
510 114 319
436 907 312
602 653 345
769 549 473
401 154 263
309 537 2
466 717 70
885 342 191
866 792 382
799 332 50
566 508 424
229 457 429
739 725 256
624 548 40
122 830 183
69 186 224
199 364 344
835 463 85
483 127 125
326 174 116
833 180 275
647 456 214
685 854 421
710 798 395
722 211 278
192 523 24
912 432 153
635 143 464
420 535 128
272 634 499
351 588 178
706 92 310
384 418 108
298 648 60
268 569 303
150 538 323
741 87 143
427 231 272
784 93 497
267 28 422
212 276 463
433 108 327
512 872 396
101 502 227
242 804 144
152 25 185
838 630 298
666 238 193
126 2 93
111 555 342
689 586 279
417 801 324
841 655 256
248 638 189
659 380 113
215 501 378
547 128 406
163 763 42
194 293 198
10 550 28
324 44 345
41 811 14
366 410 411
815 323 399
112 70 310
452 654 397
177 168 108
167 819 362
169 861 167
597 376 467
282 829 363
198 193 58
505 601 251
580 899 272
172 347 70
218 914 493
809 32 364
148 74 408
290 394 63
402 618 128
356 23 250
554 786 313
95 559 96
317 334 71
61 469 75
415 359 96
779 104 232
617 184 56
510 436 455
602 549 134
154 537 478
466 342 142
792 332 483
566 229 318
739 624 207
830 69 122
199 463 321
483 326 164
833 456 107
685 710 381
722 523 123
432 635 469
420 634 333
588 706 40
384 298 202
268 150 15
741 231 151
784 28 224
212 433 57
872 502 383
242 152 486
838 238 422
126 111 437
586 801 425
841 638 23
380 215 427
128 163 485
293 10 350
324 811 122
410 815 307
70 452 267
168 167 206
861 597 182
829 193 106
505 899 323
347 914 57
32 74 343
394 402 318
23 554 267
559 334 25
61 415 399
779 617 285
510 602 49
537 466 51
792 229 79
739 69 197
463 326 382
456 685 466
523 635 183
634 588 5
298 150 411
741 28 17
433 872 390
152 238 236
126 586 75
841 380 148
128 293 415
811 410 207
452 168 270
597 193 337
899 914 318
74 394 45
554 559 138
61 779 466
602 466 284
792 739 29
326 456 382
523 634 151
298 741 378
872 238 279
586 841 497
293 811 277
452 193 62
899 74 226
559 61 444
466 739 30
326 523 446
741 872 164
841 293 139
193 899 107
61 466 450
523 741 468
841 193 180
466 523 305
193 523 355
63
515 173
637 140
523 111
95 50
641 138
800 219
124 144
552 35
115 61
302 76
257 14
460 250
198 142
840 276
284 39
15 98
208 68
30 58
492 60
223 221
279 95
349 289
526 55
99 195
776 206
71 218
405 131
652 252
134 38
219 234
527 177
687 210
621 73
555 40
826 11
843 263
439 258
837 206
397 297
289 70
486 281
777 63
612 72
745 174
201 90
824 110
84 23
742 210
341 167
782 82
386 130
114 14
306 71
128 237
430 208
333 28
334 206
888 90
879 32
696 243
695 23
487 208
537 204
