982
536 363 11
536 1 268
536 2 42
363 3 458
536 4 455
536 5 269
363 6 80
536 7 121
363 8 327
536 9 323
363 10 271
363 11 70
536 12 182
363 13 30
363 14 384
363 15 405
536 16 21
536 17 20
536 18 391
363 19 124
363 20 462
536 21 234
536 22 31
536 23 58
363 24 303
536 25 103
536 26 40
536 27 451
536 28 62
536 29 30
363 30 173
536 31 43
363 32 310
536 33 106
536 34 242
363 35 396
363 36 472
363 37 448
536 38 335
363 39 210
363 40 237
363 41 62
536 42 484
536 43 349
536 44 344
363 45 194
536 46 164
536 47 412
363 48 353
363 49 24
536 50 450
536 51 1
363 52 252
536 53 275
536 54 453
536 55 279
363 56 500
536 57 316
536 58 204
363 59 233
363 60 395
536 61 266
536 62 366
363 63 235
536 64 397
536 65 164
536 66 381
536 67 119
363 68 463
363 69 422
363 70 432
536 71 307
536 72 392
363 73 267
363 74 139
363 75 345
363 76 128
536 77 294
363 78 490
536 79 63
536 80 138
536 81 232
536 82 241
536 83 2
363 84 446
536 85 470
363 86 327
536 87 160
536 88 250
536 89 16
536 90 128
536 91 124
536 92 173
536 93 452
536 94 297
536 95 48
536 96 91
363 97 304
363 98 332
363 99 386
363 100 432
363 101 5
363 102 334
363 103 328
536 104 294
536 105 175
536 106 407
363 107 381
536 108 68
536 109 93
536 110 198
536 111 298
536 112 122
363 113 471
363 114 257
536 115 81
363 116 414
536 117 151
363 118 102
536 119 182
363 120 25
363 121 168
536 122 7
536 123 215
536 124 232
363 125 437
363 126 299
536 127 68
536 128 38
536 129 225
363 130 97
363 131 335
536 132 94
363 133 109
363 134 166
536 135 294
363 136 350
363 137 474
536 138 213
536 139 281
536 140 346
536 141 224
536 142 155
363 143 268
363 144 33
536 145 339
363 146 500
363 147 491
536 148 361
363 149 492
536 150 92
363 151 68
536 152 450
363 153 1
536 154 80
536 155 457
536 156 351
536 157 273
363 158 174
536 159 49
536 160 383
363 161 187
363 162 411
363 163 180
363 164 479
363 165 149
536 166 160
536 167 215
363 168 109
536 169 122
536 170 497
536 171 317
363 172 461
536 173 55
536 174 481
536 175 44
536 176 342
536 177 450
363 178 258
363 179 227
536 180 355
363 181 157
536 182 443
536 183 326
363 184 439
363 185 90
363 186 376
363 187 485
536 188 348
363 189 174
536 190 346
363 191 43
536 192 298
536 193 496
363 194 176
536 195 494
363 196 301
536 197 396
363 198 373
536 199 145
363 200 372
536 201 97
536 202 344
363 203 287
363 204 324
536 205 371
363 206 176
363 207 208
363 208 109
363 209 379
536 210 277
536 211 314
363 212 374
536 213 171
536 214 135
363 215 261
536 216 104
363 217 457
536 218 494
536 219 342
363 220 55
536 221 337
363 222 477
363 223 55
363 224 99
536 225 368
363 226 157
536 227 155
536 228 447
363 229 332
363 230 195
536 231 290
363 232 152
363 233 98
363 234 342
363 235 313
536 236 3
536 237 478
363 238 46
363 239 415
536 240 318
536 241 75
536 242 167
363 243 208
363 244 258
363 245 45
536 246 334
363 247 250
363 248 433
363 249 334
536 250 138
536 251 169
536 252 147
363 253 470
536 254 31
536 255 392
536 256 17
536 257 173
536 258 194
536 259 148
363 260 122
363 261 255
363 262 379
536 263 144
363 264 203
363 265 84
536 266 474
536 267 35
363 268 250
536 269 368
536 270 239
363 271 479
363 272 224
536 273 142
536 274 235
536 275 72
363 276 334
536 277 15
536 278 330
536 279 22
536 280 486
363 281 427
536 282 60
363 283 284
536 284 316
363 285 441
536 286 262
536 287 12
363 288 423
536 289 254
363 290 147
536 291 217
536 292 151
536 293 395
536 294 93
536 295 67
363 296 224
363 297 242
363 298 453
363 299 92
536 300 379
363 301 25
536 302 452
363 303 477
536 304 394
536 305 234
536 306 407
363 307 223
536 308 386
363 309 241
536 310 384
536 311 260
363 312 152
363 313 241
363 314 81
363 315 76
536 316 217
363 317 451
536 318 341
363 319 245
536 320 9
536 321 477
363 322 280
363 323 176
363 324 19
363 325 347
536 326 428
536 327 360
363 328 311
536 329 387
363 330 284
363 331 54
536 332 267
363 333 223
363 334 283
363 335 192
363 336 297
536 337 410
536 338 70
363 339 445
536 340 353
363 341 341
536 342 100
536 343 211
536 344 3
363 345 5
363 346 411
536 347 490
363 348 414
363 349 135
363 350 31
536 351 191
363 352 197
536 353 459
536 354 389
363 355 205
363 356 45
363 357 373
536 358 448
363 359 258
363 360 383
536 361 89
536 362 171
536 364 174
363 365 142
363 366 485
363 367 338
363 368 55
363 369 479
363 370 152
363 371 267
363 372 459
363 373 105
363 374 159
363 375 469
536 376 355
536 377 29
363 378 349
363 379 372
536 380 487
536 381 34
363 382 242
536 383 350
536 384 258
536 385 161
363 386 46
363 387 117
536 388 90
536 389 391
536 390 126
363 391 367
536 392 62
363 393 422
536 394 297
363 395 488
536 396 10
363 397 106
363 398 244
363 399 251
363 400 134
363 401 410
363 402 337
536 403 387
536 404 99
363 405 377
536 406 135
363 407 203
363 408 341
536 409 310
536 410 121
363 411 421
536 412 170
536 413 85
363 414 333
363 415 414
536 416 97
363 417 497
363 418 52
363 419 63
363 420 159
363 421 226
363 422 386
363 423 193
536 424 256
363 425 363
536 426 3
363 427 210
536 428 13
536 429 437
363 430 332
536 431 14
536 432 228
536 433 212
363 434 244
536 435 281
536 436 65
363 437 399
536 438 287
363 439 27
536 440 297
536 441 270
536 442 376
363 443 175
536 444 124
363 445 436
363 446 16
536 447 234
363 448 311
363 449 22
363 450 219
536 451 308
363 452 308
536 453 436
536 454 149
536 455 488
363 456 203
363 457 448
363 458 87
363 459 170
536 460 437
536 461 16
363 462 259
363 463 195
363 464 45
536 465 475
363 466 370
363 467 249
363 468 340
536 469 475
536 470 498
536 471 285
536 472 422
536 473 130
536 474 58
536 475 217
363 476 109
536 477 447
363 478 184
363 479 287
536 480 61
536 481 343
536 482 396
363 483 310
363 484 127
536 485 75
536 486 449
363 487 175
536 488 294
363 489 377
536 490 104
363 491 198
536 492 28
536 493 430
363 494 488
536 495 291
536 496 329
363 497 329
536 498 75
363 499 163
363 500 274
363 501 28
363 502 447
363 503 92
536 504 7
363 505 443
536 506 265
536 507 25
363 508 487
536 509 207
363 510 373
363 511 374
536 512 481
363 513 129
536 514 45
363 515 460
536 516 27
536 517 392
363 518 42
536 519 269
536 520 8
363 521 361
536 522 55
363 523 268
363 524 42
363 525 367
536 526 323
363 527 467
536 528 147
536 529 211
363 530 386
536 531 212
363 532 361
536 533 441
536 534 143
363 535 449
536 537 272
363 538 273
536 539 397
363 540 218
536 541 367
363 542 204
363 543 177
536 544 344
363 545 117
536 546 217
363 547 428
536 548 471
536 549 383
363 550 42
363 551 472
536 552 26
363 553 3
363 554 272
363 555 191
363 556 189
363 557 425
536 558 97
363 559 265
363 560 127
536 561 346
363 562 88
363 563 271
536 564 265
363 565 320
536 566 382
363 567 147
363 568 89
363 569 205
536 570 400
363 571 201
536 572 303
363 573 183
536 574 78
363 575 192
536 576 32
363 577 399
363 578 14
363 579 176
536 580 25
536 581 83
536 582 490
363 583 165
363 584 230
363 585 438
363 586 468
536 587 420
536 588 467
536 589 21
536 590 104
536 591 451
536 592 101
363 593 254
536 594 221
536 595 391
536 596 277
363 597 3
536 598 405
363 599 196
536 600 240
536 601 318
363 602 475
363 603 476
363 604 394
363 605 188
536 606 60
363 607 133
536 608 191
536 609 273
536 610 167
363 611 361
363 612 191
363 613 413
536 614 234
536 615 433
363 616 445
363 617 179
536 618 191
536 619 64
363 620 206
536 621 82
536 622 94
536 623 277
536 624 303
536 625 399
536 626 416
363 627 468
363 628 178
536 629 406
363 630 340
536 631 235
536 632 292
363 633 407
363 634 122
363 635 67
536 636 74
536 637 93
363 638 65
363 639 6
363 640 270
363 641 40
536 642 367
536 643 496
536 644 387
363 645 306
536 646 90
536 647 214
536 648 304
536 649 364
536 650 442
536 651 253
363 652 281
363 653 385
363 654 417
363 655 63
363 656 147
363 657 224
363 658 462
363 659 409
536 660 471
536 661 278
536 662 106
363 663 441
363 664 314
536 665 186
536 666 437
536 667 474
363 668 486
363 669 413
363 670 101
536 671 441
363 672 282
536 673 463
363 674 86
363 675 294
536 676 289
363 677 115
536 678 117
536 679 154
363 680 63
536 681 390
536 682 481
363 683 420
363 684 73
363 685 73
363 686 364
363 687 475
363 688 28
536 689 239
363 690 12
536 691 20
536 692 307
536 693 45
363 694 393
363 695 205
536 696 390
536 697 159
536 698 309
536 699 40
363 700 114
536 701 110
363 702 476
536 703 473
363 704 373
363 705 319
363 706 447
536 707 388
363 708 324
363 709 27
536 710 483
536 711 375
536 712 325
363 713 445
363 714 315
363 715 218
536 716 448
363 717 257
536 718 410
363 719 278
363 720 144
363 721 371
536 722 286
536 723 46
363 724 394
536 725 29
536 726 303
363 727 451
536 728 288
536 729 464
536 730 232
363 731 381
363 732 359
363 733 102
363 734 218
536 735 255
363 736 328
363 737 154
363 738 86
363 739 74
536 740 122
536 741 207
363 742 356
536 743 256
363 744 405
363 745 448
536 746 104
363 747 314
536 748 317
536 749 82
536 750 499
536 751 450
536 752 164
363 753 142
536 754 153
363 755 433
363 756 168
363 757 403
536 758 148
536 759 370
536 760 432
536 761 39
363 762 146
363 763 349
536 764 472
536 765 52
536 766 470
363 767 351
363 768 456
536 769 86
536 770 59
536 771 86
536 772 9
536 773 453
536 774 349
363 775 60
363 776 492
536 777 167
363 778 154
363 779 302
363 780 149
363 781 298
536 782 206
536 783 306
363 784 492
536 785 472
536 786 261
536 787 479
363 788 249
536 789 129
536 790 106
536 791 230
363 792 489
536 793 85
363 794 115
536 795 119
363 796 443
363 797 436
536 798 268
363 799 160
363 800 484
363 801 160
363 802 244
363 803 217
363 804 422
363 805 442
363 806 236
363 807 475
363 808 270
363 809 219
536 810 296
363 811 350
536 812 457
363 813 237
363 814 378
536 815 483
363 816 83
363 817 309
536 818 133
536 819 170
536 820 74
363 821 432
536 822 485
536 823 386
363 824 316
536 825 194
363 826 440
536 827 53
363 828 180
363 829 473
363 830 389
363 831 270
363 832 301
536 833 148
363 834 455
536 835 190
363 836 280
363 837 190
363 838 230
363 839 75
363 840 178
536 841 360
363 842 163
536 843 217
363 844 404
363 845 103
536 846 348
536 847 466
536 848 302
536 849 285
536 850 283
536 851 136
536 852 299
363 853 382
536 854 251
536 855 277
536 856 76
536 857 249
536 858 251
363 859 284
536 860 358
363 861 150
363 862 110
363 863 204
363 864 80
536 865 371
536 866 166
536 867 276
536 868 35
363 869 195
363 870 465
363 871 417
536 872 310
363 873 481
536 874 333
363 875 270
536 876 355
363 877 394
536 878 33
536 879 79
363 880 289
363 881 326
536 882 158
363 883 121
536 884 110
536 885 329
536 886 490
363 887 317
536 888 113
363 889 415
363 890 265
536 891 135
363 892 454
536 893 435
363 894 329
363 895 451
536 896 313
536 897 423
536 898 81
536 899 14
536 900 63
536 901 467
536 902 290
363 903 407
536 904 283
536 905 198
536 906 357
536 907 18
363 908 64
536 909 149
536 910 316
363 911 361
536 912 430
536 913 302
536 914 31
363 915 51
363 916 360
363 917 200
363 918 3
363 919 254
536 920 280
363 921 185
536 922 487
536 923 150
536 924 358
536 925 145
363 926 452
536 927 5
536 928 493
536 929 391
363 930 324
536 931 319
363 932 14
536 933 35
363 934 124
536 935 6
363 936 442
536 937 95
536 938 95
536 939 33
536 940 246
536 941 477
363 942 35
363 943 430
363 944 490
363 945 401
363 946 318
363 947 347
363 948 236
363 949 199
536 950 20
536 951 466
363 952 245
536 953 445
536 954 8
363 955 143
363 956 6
363 957 153
536 958 303
363 959 418
536 960 107
536 961 456
536 962 36
536 963 254
536 964 182
363 965 483
363 966 8
536 967 218
363 968 360
536 969 444
363 970 490
536 971 471
536 972 409
363 973 239
363 974 57
363 975 355
363 976 474
536 977 438
536 978 112
536 979 133
363 980 348
363 981 198
363 982 266
856
385 37
329 61
79 284
257 95
243 12
557 292
449 226
501 202
42 157
238 92
559 156
651 24
617 41
794 93
944 281
103 93
554 96
950 213
481 267
334 285
119 205
586 119
958 190
406 16
964 270
279 205
312 51
269 24
670 118
482 255
798 210
797 206
789 15
345 245
493 53
308 26
972 288
889 30
941 280
226 197
483 173
877 135
138 220
163 265
503 228
905 252
331 58
55 75
741 164
553 24
218 59
96 121
288 142
912 248
205 188
935 163
398 204
674 238
753 238
898 21
127 192
281 199
33 278
773 259
696 143
769 82
833 36
276 182
435 163
407 15
253 78
506 36
652 150
575 297
945 300
231 77
703 300
686 57
963 203
522 216
534 132
690 261
326 36
372 25
113 260
251 223
639 239
631 163
936 212
189 176
837 235
77 155
618 74
707 264
550 113
63 268
280 46
496 149
921 150
661 208
771 163
156 227
545 243
973 64
24 276
783 295
961 192
32 27
880 51
433 94
739 242
20 235
324 54
980 277
60 259
508 13
669 251
420 198
470 175
190 162
225 125
929 109
940 17
956 199
439 125
240 129
375 218
146 170
581 29
897 119
982 129
154 244
267 46
260 72
322 7
725 73
648 118
66 199
538 99
681 168
311 44
679 41
12 154
50 98
588 69
10 113
388 162
499 72
396 62
733 89
40 233
732 186
607 249
869 1
962 136
809 73
232 182
306 54
751 294
153 210
574 172
627 123
176 205
847 269
381 246
349 212
800 93
755 63
204 162
573 244
300 282
796 205
434 36
960 136
860 54
459 104
542 248
784 268
513 175
383 61
598 108
939 160
698 246
710 56
909 160
975 82
507 181
928 93
278 187
806 174
875 55
121 110
147 296
577 259
264 131
291 241
815 222
399 223
284 3
198 83
359 166
886 285
556 40
758 201
694 120
330 145
543 57
525 119
444 164
979 283
861 179
673 271
400 194
895 176
41 27
373 106
7 9
536 207
164 198
630 195
454 80
943 252
502 57
112 128
197 263
43 187
30 68
803 184
658 161
766 123
167 19
947 79
857 159
161 58
770 279
948 30
436 254
62 87
368 200
659 118
612 122
699 78
583 88
294 67
11 5
791 166
721 172
171 14
236 124
402 122
51 260
15 256
369 125
834 16
746 83
642 87
139 254
808 202
743 271
517 115
548 76
320 289
313 193
39 234
57 98
867 223
148 263
672 103
65 62
781 162
526 220
46 235
152 291
505 60
977 1
628 296
403 225
340 225
689 61
647 49
544 46
830 20
426 4
68 222
122 88
555 138
749 9
441 41
404 39
302 31
687 207
172 115
109 71
286 151
405 100
203 220
668 74
913 115
44 22
227 187
715 276
677 294
762 121
541 19
464 53
981 121
414 66
629 29
835 45
111 126
896 129
825 142
870 145
820 184
842 64
667 284
568 73
365 124
774 25
386 112
821 206
932 283
256 278
409 28
363 134
310 129
344 247
926 207
524 243
327 20
59 93
93 271
446 65
393 265
893 289
594 169
816 85
317 54
504 250
844 182
587 179
25 78
378 75
325 75
663 14
768 138
314 59
611 86
946 13
540 135
603 249
98 270
756 117
274 278
387 297
965 250
78 107
223 295
810 208
22 49
927 15
920 52
683 19
510 131
457 16
351 59
17 300
883 153
162 112
123 249
455 34
323 42
418 78
978 160
208 117
217 91
757 50
662 227
917 177
665 62
688 61
421 125
299 32
212 177
168 103
787 28
440 179
296 209
546 75
186 86
136 9
350 141
207 138
951 80
38 271
173 205
181 138
635 22
613 57
360 2
244 270
209 142
338 43
561 48
498 2
352 211
515 190
2 51
490 137
19 66
968 164
185 197
745 243
228 195
643 126
417 45
362 275
858 4
206 5
518 49
726 141
838 65
565 189
410 30
900 144
85 159
714 235
727 282
664 181
132 291
569 35
523 202
969 185
915 77
599 1
293 186
619 288
305 191
273 288
471 176
266 8
328 151
767 125
500 250
150 46
904 250
108 46
216 72
906 5
76 102
277 120
709 145
495 167
579 60
871 175
953 10
811 270
34 161
748 43
590 202
319 203
530 77
452 104
64 87
245 206
717 156
140 272
261 245
925 98
221 259
70 120
606 106
27 162
605 244
514 107
759 207
355 245
533 153
922 278
239 249
364 254
307 149
560 146
348 172
865 208
851 20
429 182
424 229
666 232
632 276
570 131
952 134
633 105
254 286
469 221
282 10
486 141
868 244
187 254
933 239
224 255
246 125
484 96
763 116
911 69
86 202
790 74
552 65
729 54
411 103
711 14
478 60
884 251
720 159
622 231
394 210
408 230
765 164
802 190
5 161
682 140
701 20
566 294
395 296
179 5
728 266
81 5
347 198
84 262
423 10
532 136
737 216
333 134
301 283
650 83
863 254
885 184
693 156
824 19
415 290
918 10
335 84
509 49
772 12
213 242
341 31
864 221
697 223
892 247
853 162
637 83
193 86
812 182
855 128
353 133
718 238
597 146
846 137
416 135
116 107
680 198
35 22
142 74
220 31
431 56
724 156
371 37
638 240
620 63
37 107
551 229
660 72
634 190
169 29
91 83
593 183
56 59
778 55
750 105
315 5
247 216
128 239
563 142
397 149
776 66
303 274
738 87
196 263
453 162
465 273
97 69
58 59
285 47
118 194
609 142
595 102
782 49
764 178
318 93
848 163
537 284
970 21
430 234
184 225
9 49
463 16
175 107
793 160
761 122
165 211
704 164
428 38
684 149
343 58
691 186
708 266
263 31
219 24
194 229
527 245
21 49
125 49
422 3
804 147
401 295
580 196
23 248
26 43
854 73
94 41
866 258
252 108
356 113
901 191
107 32
625 162
850 259
467 138
723 21
519 80
814 100
692 236
931 169
160 248
831 293
954 107
754 266
354 76
8 182
191 246
512 72
971 230
836 46
88 74
826 76
271 40
99 270
283 76
785 83
934 94
937 168
210 40
903 254
241 32
83 282
676 285
456 193
655 240
740 175
735 265
528 72
685 274
4 253
621 292
101 222
195 297
747 98
262 187
706 72
382 280
942 184
859 143
432 261
497 229
641 269
873 89
447 269
75 290
438 216
180 103
839 135
653 135
516 194
805 88
799 166
390 175
183 73
143 111
82 167
807 299
67 75
576 290
822 272
201 79
367 281
547 193
562 76
358 131
636 131
602 199
957 162
451 14
74 94
290 122
476 243
178 114
572 262
259 263
549 103
882 177
462 65
13 289
843 63
712 258
130 77
105 229
657 132
1 201
200 39
616 50
214 199
361 165
117 39
967 170
448 244
792 72
3 115
775 19
832 202
671 297
126 217
384 63
54 63
242 62
910 236
275 5
474 175
182 250
584 19
412 277
357 178
100 83
914 18
376 241
649 40
494 94
461 169
974 223
316 294
491 207
827 25
16 244
177 71
6 63
919 113
640 66
955 186
779 279
675 84
521 87
959 276
888 53
61 201
966 38
923 114
250 189
131 94
18 289
841 138
582 112
80 17
601 15
849 246
535 34
539 7
159 285
133 179
258 175
624 259
578 224
695 133
795 283
600 167
596 256
930 98
445 32
777 21
862 283
852 62
233 157
813 70
722 37
492 209
129 22
366 126
287 74
924 210
321 219
475 114
102 99
916 82
115 131
656 114
391 27
134 216
389 172
158 63
610 147
734 47
237 22
48 70
881 231
124 4
567 289
337 186
304 101
106 20
332 207
265 84
31 81
702 115
788 205
234 170
450 23
472 226
818 295
949 148
144 136
188 266
73 262
828 286
95 47
342 144
872 99
413 126
899 111
801 271
45 188
571 257
230 69
151 209
69 27
211 299
520 265
443 15
297 237
