932
588 334 456
529 213 226
437 135 71
885 633 354
920 656 223
381 563 351
732 487 98
762 910 127
781 721 72
7 196 150
460 625 29
719 117 399
309 249 111
932 667 78
447 725 477
65 599 53
542 666 88
448 823 100
119 474 67
354 626 18
150 515 236
907 718 299
897 596 196
339 479 306
64 290 429
47 573 29
42 811 94
761 166 198
895 645 173
581 497 446
822 887 326
498 277 284
145 462 128
394 8 422
859 678 335
709 555 335
383 689 160
579 670 458
609 374 262
81 189 473
142 307 217
671 720 351
583 496 483
251 274 218
818 483 174
802 541 7
754 1 365
785 554 264
858 234 173
628 810 38
877 395 329
296 248 281
332 703 357
450 705 342
770 658 353
106 209 12
876 379 18
198 750 84
862 882 113
82 519 7
836 293 168
562 22 490
94 890 155
690 201 376
530 415 142
193 867 39
900 476 137
429 71 457
183 618 261
21 55 315
386 72 315
865 169 387
651 426 40
797 57 36
368 512 122
685 367 291
646 14 110
884 835 174
748 40 236
518 624 296
348 259 314
151 407 199
194 507 356
302 456 294
763 592 157
664 409 434
413 231 287
62 138 359
200 26 141
112 443 182
634 578 491
830 174 51
606 77 455
612 96 365
265 675 125
644 53 420
235 100 345
54 814 239
516 87 477
432 349 20
649 523 344
813 103 457
722 325 476
232 305 12
144 115 413
843 308 230
522 864 369
199 114 3
833 517 208
682 329 217
358 610 378
694 428 473
49 371 458
787 809 126
171 559 298
905 149 419
926 261 154
370 271 475
465 366 394
176 122 449
784 889 31
683 768 60
526 255 161
533 901 425
668 109 281
871 181 403
130 282 481
753 361 84
365 5 141
640 760 224
273 717 58
29 842 432
594 796 221
532 306 191
197 45 392
43 31 271
727 25 168
298 185 172
839 250 244
228 192 400
659 313 89
156 574 387
741 481 233
435 58 211
50 580 31
699 159 164
488 627 280
208 373 150
401 480 352
827 654 465
91 861 331
125 922 16
411 470 416
390 565 382
711 492 135
619 691 388
782 140 288
20 453 144
177 143 243
75 141 245
463 359 140
567 621 64
427 680 354
12 204 270
400 107 405
642 66 300
752 410 320
88 534 436
764 493 354
301 513 451
790 608 303
807 490 63
706 105 111
915 893 461
230 323 412
687 714 330
557 268 317
67 904 322
638 412 106
886 139 80
840 477 29
803 60 448
639 520 46
314 898 288
815 676 52
178 467 387
729 132 427
824 217 295
229 855 7
733 749 93
74 641 165
635 110 321
126 538 167
212 153 355
340 712 438
322 180 485
254 648 313
76 696 18
817 299 166
590 101 109
240 17 246
127 131 423
652 570 296
892 118 60
52 577 177
724 344 72
880 499 426
620 2 173
68 747 90
455 27 67
137 708 313
375 772 197
30 387 334
441 734 187
128 804 371
158 746 69
369 849 142
419 919 140
238 604 264
595 466 91
472 868 203
561 773 132
160 346 258
510 257 72
825 38 184
860 134 226
924 586 41
133 491 473
643 576 135
253 485 226
473 363 453
544 451 473
396 728 340
848 660 384
514 341 162
704 207 43
511 39 340
828 851 345
408 179 331
80 129 295
821 116 258
794 187 361
216 925 293
449 792 377
445 430 491
167 353 136
484 275 99
769 504 242
531 102 71
266 585 41
834 458 302
805 252 301
13 838 110
702 686 441
333 337 264
258 120 305
819 300 107
786 16 24
439 431 350
382 931 31
601 385 205
280 742 487
291 312 126
423 262 92
136 837 408
489 661 132
923 605 420
655 744 54
417 338 428
879 318 320
881 84 82
440 420 269
771 469 140
355 767 439
630 552 395
422 195 181
244 165 487
617 18 253
759 723 99
330 264 11
380 434 180
111 874 67
906 560 426
260 403 479
310 777 467
297 852 249
61 327 273
418 540 87
745 863 160
85 190 401
891 899 198
693 798 4
146 903 452
614 399 499
758 389 155
911 607 407
79 847 4
424 364 285
436 3 298
464 155 134
551 888 61
397 486 15
495 227 398
24 46 98
543 632 330
78 95 314
220 173 135
246 582 415
681 328 276
869 730 487
870 776 127
6 549 117
525 172 70
384 398 410
311 564 16
669 505 334
11 812 277
404 806 114
679 206 301
188 566 287
388 73 264
930 433 9
913 276 417
182 757 483
494 414 41
163 801 327
245 124 66
569 909 500
152 547 47
377 59 354
210 162 304
242 90 343
154 873 35
558 284 311
168 202 370
237 211 316
800 568 197
164 756 383
243 471 452
695 647 362
336 360 38
452 751 362
321 121 482
509 780 89
916 856 121
783 636 294
10 147 129
506 294 209
63 303 443
854 218 497
34 226 467
707 391 1
611 556 488
352 37 333
600 545 451
575 4 134
223 755 381
677 123 294
500 832 355
342 23 445
674 104 324
572 789 252
292 239 374
766 883 466
186 537 182
335 816 184
99 799 478
317 316 15
779 225 270
698 726 108
673 315 392
224 288 412
36 598 88
713 715 337
70 735 440
710 256 121
553 795 372
793 241 419
697 700 35
32 629 265
157 778 198
267 650 68
287 857 336
872 215 491
846 405 133
304 501 30
295 331 191
912 503 148
631 853 350
672 917 423
356 362 469
454 665 256
716 219 267
539 774 437
56 841 261
875 89 221
622 765 205
927 602 484
283 593 222
603 108 498
205 508 128
521 584 229
597 278 171
831 692 299
536 637 64
478 921 161
587 236 117
546 548 224
918 908 293
438 457 36
247 736 64
740 406 363
591 737 396
279 170 161
615 845 377
701 653 174
914 535 388
92 444 174
357 263 482
93 550 430
402 148 45
866 98 281
571 113 210
524 657 248
350 347 367
826 286 260
688 376 243
345 320 402
9 902 172
896 416 459
829 662 423
616 459 256
281 928 91
83 233 72
788 372 104
393 269 321
285 86 443
623 392 13
528 527 308
378 482 359
326 820 395
743 35 159
442 51 91
191 324 127
663 33 474
731 203 366
850 161 422
343 48 410
272 468 401
175 319 287
69 446 334
894 775 357
791 221 411
502 844 132
19 738 129
289 41 447
421 739 459
461 97 11
475 15 166
808 351 368
270 929 427
184 425 239
684 589 206
28 613 63
44 214 333
222 878 462
588 213 308
135 885 498
656 563 39
487 910 140
721 7 471
625 719 393
249 932 43
725 599 34
666 823 244
119 626 51
150 907 486
897 339 221
64 47 141
42 166 148
895 581 484
887 498 195
145 8 131
678 555 64
689 579 321
609 189 39
142 671 493
496 251 423
483 541 186
754 554 95
234 810 209
395 248 303
332 450 285
658 209 88
379 750 158
862 82 103
836 562 49
94 201 487
530 867 341
900 429 52
618 55 457
386 169 155
426 797 373
512 367 483
14 884 89
748 624 338
259 407 221
507 302 195
763 409 15
231 138 283
26 443 370
578 830 16
77 612 385
675 53 300
100 814 255
87 349 237
649 103 293
722 305 159
144 843 24
864 199 222
833 329 70
610 428 261
49 809 403
171 149 148
926 370 90
366 122 440
889 683 18
526 901 376
109 871 12
130 361 479
365 640 378
717 29 477
796 306 162
197 31 334
25 298 128
250 228 500
659 574 317
481 58 340
580 159 68
488 373 487
480 827 268
91 922 467
411 565 436
492 619 38
140 453 220
177 75 213
359 567 435
427 204 118
107 642 175
410 534 132
493 513 209
608 490 352
105 915 243
323 714 448
557 67 177
412 139 170
840 803 64
639 898 432
676 467 181
729 824 298
855 749 189
641 635 497
126 153 402
712 180 70
648 696 417
817 101 83
17 131 183
570 118 3
52 724 124
499 2 291
747 455 236
137 375 447
387 734 448
128 746 3
369 919 50
238 466 29
868 561 14
160 510 64
825 134 491
586 133 195
643 253 37
363 544 385
728 660 210
341 704 201
511 828 40
179 129 336
116 794 451
216 792 427
430 353 363
275 504 379
531 266 80
458 805 354
13 686 135
337 120 212
819 16 106
431 931 237
385 280 35
312 262 66
136 661 211
605 655 133
417 318 108
84 420 377
469 355 102
630 422 161
244 18 83
723 264 228
380 111 297
906 403 459
777 852 55
61 418 408
863 190 428
891 798 302
903 399 468
389 911 261
847 424 336
3 155 132
888 486 213
495 24 354
632 95 163
220 582 129
328 869 52
870 549 111
525 384 142
564 669 482
812 404 91
679 566 355
388 433 237
276 182 183
494 163 227
245 569 234
152 377 188
210 242 358
873 558 225
168 237 65
800 756 224
243 647 335
360 452 402
321 780 326
856 783 367
147 506 90
63 218 48
226 391 327
611 352 304
545 4 341
223 123 156
500 23 149
674 789 291
239 766 447
537 816 68
799 317 105
779 698 409
673 288 269
598 715 236
735 710 56
795 793 252
700 629 411
157 267 292
857 215 436
405 501 449
295 503 182
853 672 201
362 665 152
219 774 335
56 89 61
765 927 165
283 108 44
205 584 456
278 831 234
637 921 257
236 546 497
908 457 137
247 740 11
591 279 347
845 653 376
914 444 425
263 93 251
402 866 386
113 524 320
350 286 56
376 345 325
902 416 397
829 459 145
281 233 31
788 393 247
285 623 371
527 482 146
820 743 353
442 191 287
33 731 306
850 48 345
272 175 422
69 775 208
791 844 201
738 289 230
739 97 259
15 808 180
270 425 273
684 613 211
44 878 405
213 885 441
656 487 403
7 625 486
249 599 447
666 626 305
150 897 138
64 166 334
581 887 449
8 678 70
689 609 272
142 496 109
483 754 57
234 248 389
332 209 463
750 862 484
836 94 260
867 900 346
55 386 362
426 367 473
14 624 158
407 302 412
763 138 131
26 830 58
612 675 138
100 87 79
649 722 129
843 199 142
833 610 326
809 171 366
370 366 334
889 901 359
109 361 124
365 29 311
796 197 90
25 228 145
659 481 413
580 488 394
827 91 301
565 492 121
453 177 429
359 204 50
107 410 238
493 490 242
105 714 425
557 139 55
803 898 159
676 729 55
749 641 320
126 712 119
648 101 500
131 118 7
724 2 319
747 375 306
734 128 202
919 466 112
868 160 329
825 133 187
643 544 56
728 341 184
511 129 90
794 216 90
430 275 354
531 458 381
686 120 212
16 431 285
385 262 115
661 655 327
318 84 43
469 422 108
244 723 262
111 906 226
852 418 232
190 798 211
903 911 395
847 155 118
486 24 484
95 220 83
328 549 54
384 669 214
404 566 315
388 276 181
163 245 142
152 242 65
873 168 139
756 243 132
452 321 243
856 147 46
218 226 325
611 545 464
123 23 3
789 239 407
816 799 492
779 288 175
715 710 157
795 629 162
157 215 239
501 295 103
672 362 349
774 89 267
765 283 43
584 278 443
637 546 460
908 247 462
279 845 97
914 93 207
866 524 357
350 345 436
416 459 455
233 788 245
285 527 203
820 442 433
731 850 452
175 69 172
791 289 405
97 808 490
425 684 40
44 213 83
656 7 273
599 626 487
897 64 320
581 8 319
689 496 158
754 234 376
209 750 216
94 867 426
55 367 378
624 407 210
763 26 96
612 100 332
649 843 23
833 171 447
370 889 457
361 29 265
197 25 425
481 580 449
827 492 295
453 359 273
107 493 373
105 139 268
803 729 120
749 126 210
101 118 255
2 747 29
128 466 356
868 133 351
544 341 32
129 216 143
275 531 178
120 431 69
262 661 9
318 469 199
244 906 488
418 190 108
903 155 470
486 220 4
549 669 272
404 388 289
163 242 187
168 756 377
321 147 28
218 545 123
123 239 227
799 779 400
715 795 24
215 295 359
672 774 189
765 584 188
637 247 231
279 914 240
524 345 373
416 233 493
527 820 307
731 69 23
289 97 450
425 44 387
7 599 477
897 581 388
496 234 127
750 867 459
367 624 459
763 612 182
649 171 429
889 361 175
197 481 15
827 453 63
493 139 157
729 749 236
101 2 335
466 133 161
544 129 8
275 120 465
661 469 56
244 190 38
903 486 343
549 404 184
163 756 369
321 545 447
239 799 438
795 215 160
672 765 388
637 914 43
524 416 276
527 69 211
289 425 387
599 897 98
496 867 418
367 763 229
649 889 118
197 453 359
493 749 467
2 133 260
544 120 110
469 190 336
903 549 31
163 545 203
799 215 217
765 914 314
416 527 375
289 897 307
867 367 395
649 453 7
749 2 318
120 469 340
549 545 353
799 765 394
527 289 443
367 453 6
749 120 414
545 799 303
527 367 188
749 545 362
527 749 102
802
347 14
926 21
328 187
932 57
148 102
264 199
562 3
873 39
342 146
599 275
857 124
145 130
687 257
592 229
816 226
648 132
600 109
628 136
41 123
538 80
586 131
79 178
444 247
32 91
893 291
245 248
474 14
176 33
930 238
734 11
2 8
395 252
437 84
103 194
359 8
95 237
381 144
812 10
302 27
557 290
410 36
518 150
794 119
221 292
257 78
735 96
478 124
348 239
766 231
530 298
501 18
488 114
371 175
294 17
662 256
433 166
463 16
129 269
307 250
177 254
679 280
471 257
452 257
602 115
531 202
492 16
523 51
55 98
715 77
354 77
561 139
684 112
16 227
870 9
189 103
772 56
304 104
795 278
202 294
260 86
819 276
699 12
426 199
386 202
75 28
227 207
76 119
473 43
462 175
393 68
126 48
894 154
671 24
291 4
746 268
924 278
193 19
718 70
608 127
62 95
429 147
115 265
355 206
641 125
229 273
579 61
759 180
690 128
656 38
494 226
298 265
588 65
576 237
504 216
666 267
376 16
100 122
147 85
634 110
3 296
51 153
725 158
59 202
373 228
630 161
763 221
674 257
495 232
89 291
584 83
809 26
191 189
137 47
829 284
253 13
744 71
317 44
451 192
241 250
208 133
68 117
712 267
477 198
11 105
96 182
508 164
928 172
45 55
92 300
415 282
346 102
849 152
133 191
222 3
181 132
756 103
120 276
622 88
350 34
343 266
911 171
259 112
397 206
203 269
835 147
367 218
621 92
665 190
321 161
366 93
274 74
113 30
720 59
8 271
394 134
128 292
184 186
199 58
906 98
685 238
875 91
81 200
841 89
17 281
644 254
135 272
741 135
482 229
889 60
844 221
31 246
521 282
882 84
314 151
798 2
325 230
439 120
676 93
449 171
643 281
788 238
546 244
223 10
603 48
757 267
506 195
234 40
917 204
406 4
330 189
205 141
552 94
770 88
533 282
742 126
748 42
697 253
351 13
645 22
29 64
629 233
418 268
327 45
6 16
408 170
143 47
901 245
210 290
507 191
883 115
800 22
249 128
66 110
727 31
331 176
814 76
891 277
524 267
913 32
360 281
915 155
480 172
438 126
82 243
50 205
268 4
731 36
728 158
363 16
320 57
877 273
822 248
750 76
88 18
650 15
239 246
53 64
77 259
38 287
217 254
411 125
392 8
859 82
101 234
48 90
919 9
867 62
868 118
299 275
310 93
116 150
445 129
611 16
442 276
701 123
396 273
649 31
885 158
413 182
240 46
594 267
762 154
197 293
335 42
642 171
44 59
614 39
286 286
884 17
702 25
565 240
486 193
895 84
262 73
802 178
22 173
108 133
365 239
536 43
312 107
886 83
691 192
454 287
807 151
765 219
714 110
833 123
73 249
797 19
266 56
639 46
618 285
818 209
517 90
420 79
843 80
719 148
878 117
333 65
535 216
743 194
110 56
94 108
511 277
498 180
569 286
213 202
70 12
157 276
232 296
423 170
417 111
678 187
97 157
388 13
35 158
297 18
609 187
778 158
692 36
749 242
134 204
596 73
831 150
400 293
337 151
340 281
864 141
717 19
180 98
803 56
58 212
713 205
824 216
161 241
529 85
916 201
151 194
723 148
791 228
848 189
738 18
267 38
306 75
496 174
28 102
453 284
753 191
98 288
879 142
99 278
102 229
390 97
736 102
871 131
194 89
402 4
836 111
553 281
677 23
443 260
63 37
527 286
903 165
485 4
258 278
821 1
532 256
280 171
374 148
464 183
503 59
820 165
131 273
154 186
83 38
752 74
570 169
14 280
784 62
787 62
141 10
207 290
769 158
558 111
236 120
431 247
575 167
792 283
398 279
270 189
323 242
196 67
604 226
768 158
155 70
91 204
127 158
861 25
856 126
799 6
619 208
660 185
615 170
865 232
497 70
403 260
345 5
250 290
150 291
71 66
293 52
578 52
544 108
224 209
910 163
78 279
590 207
493 29
424 261
828 186
206 269
225 255
904 252
751 246
607 112
56 22
526 201
796 270
167 46
805 27
399 27
855 5
353 263
160 196
601 236
301 32
427 207
851 241
159 21
514 250
201 58
779 124
740 1
547 217
548 33
319 215
218 196
144 291
767 243
469 208
745 176
140 263
287 214
721 180
405 261
537 78
372 201
655 161
4 47
688 298
555 239
810 125
838 55
326 201
874 72
543 290
589 232
178 279
730 282
564 5
183 280
419 92
623 128
34 280
500 8
192 212
173 195
652 255
391 203
663 189
263 215
668 130
907 204
747 180
271 9
489 164
255 257
90 261
315 76
412 55
237 11
138 15
528 179
554 65
571 215
284 251
349 54
853 199
60 281
852 88
455 255
817 260
522 179
815 134
15 239
153 238
654 46
26 185
171 245
146 300
598 74
407 159
80 129
226 29
378 38
370 190
782 192
487 47
123 150
162 19
568 101
635 160
93 33
20 280
7 224
209 300
233 230
647 30
887 198
368 210
198 117
760 204
633 221
834 47
357 37
416 159
334 284
457 134
892 96
247 228
296 133
276 221
352 138
288 14
174 249
460 228
33 203
182 192
211 274
700 104
591 210
550 126
605 264
5 243
862 105
680 239
336 294
897 86
664 20
54 243
219 47
285 188
774 146
384 267
572 234
625 182
467 178
696 270
447 16
793 273
125 249
540 200
283 193
811 139
383 213
409 141
47 66
698 115
695 32
311 91
358 271
888 293
27 216
461 234
709 287
545 73
401 224
440 280
689 158
860 296
863 222
23 205
693 183
251 119
295 223
483 169
57 53
681 100
583 190
918 120
106 72
739 190
593 19
109 16
114 28
428 284
72 156
764 145
675 150
804 239
448 235
722 120
230 284
36 203
925 105
435 270
329 275
172 29
149 250
612 184
24 24
846 223
808 140
446 258
46 94
200 63
432 126
921 146
305 214
854 67
30 265
107 38
761 257
87 35
929 53
830 284
42 18
164 261
542 181
382 168
281 251
640 167
899 287
309 234
61 69
560 92
616 204
69 95
673 172
559 205
931 279
789 247
661 179
21 118
261 256
914 272
385 180
896 134
165 169
610 94
25 200
813 185
775 183
705 156
708 220
880 235
827 192
476 289
324 195
64 72
479 208
672 198
866 290
322 195
670 131
653 59
534 38
289 86
777 205
790 261
290 290
726 183
468 259
912 221
773 1
898 214
65 192
9 232
801 47
729 113
783 77
786 247
515 297
577 259
631 154
620 268
780 246
316 45
425 257
404 192
658 168
332 164
556 89
430 210
216 110
781 220
900 20
235 199
573 57
190 224
1 159
626 99
869 107
122 117
858 19
52 159
587 83
581 262
566 142
278 129
847 74
657 219
187 127
86 71
839 229
204 281
481 38
499 174
551 77
117 46
292 66
112 297
613 210
441 154
465 206
539 71
74 125
510 225
845 270
484 234
466 148
279 128
840 32
375 6
902 297
105 50
686 164
19 79
252 11
220 58
520 259
238 137
246 276
597 86
704 259
215 204
563 66
121 48
130 130
823 142
922 94
491 195
490 138
166 55
541 100
694 95
624 125
890 277
737 19
832 146
362 210
139 219
683 26
908 293
39 224
169 22
303 42
185 140
754 152
905 104
414 197
