990
984 30 8514
83 428 3286
785 273 3705
713 668 4973
81 841 3466
152 324 5307
385 80 7558
942 517 1547
384 399 8797
981 165 2694
599 253 606
125 757 6839
154 112 5180
486 521 783
280 59 1557
777 400 841
949 134 3280
186 42 2544
958 474 8533
287 589 8591
364 487 2882
10 665 3578
921 412 3018
529 719 204
494 244 7824
187 555 576
222 338 5141
961 967 8387
974 113 4398
468 420 2810
52 698 4122
547 323 7744
593 39 8307
817 828 8787
68 249 674
594 857 9408
576 102 808
123 15 7627
876 391 4570
803 119 8532
669 168 7708
542 89 6679
464 959 146
130 221 962
629 810 4771
511 505 9388
965 721 2687
567 716 9540
791 902 5522
310 929 4503
266 761 2121
141 753 39
720 848 389
690 714 440
549 27 5902
422 198 2892
621 534 8233
157 499 5442
32 111 5357
136 193 1787
726 648 2610
855 626 6301
797 796 9531
366 109 811
279 628 9798
37 602 3317
46 4 5890
613 93 619
489 317 7712
736 177 6136
784 71 3421
427 727 8861
765 376 6591
879 700 1371
160 479 9837
710 199 69
6 827 2708
845 240 7702
943 356 3495
538 793 8127
871 227 647
980 552 8915
544 456 8788
159 566 2198
664 920 2434
731 451 6131
475 654 2863
301 347 8461
635 933 4612
137 819 4569
445 41 8139
622 180 7002
964 695 6192
107 513 7805
778 608 1674
725 564 8966
58 772 2220
51 528 5050
302 20 8647
620 335 5039
944 234 2691
603 226 4673
758 436 5454
754 371 166
607 946 8771
194 957 740
707 903 5838
346 822 7457
559 304 4367
171 838 3659
788 441 9421
307 303 26
760 90 3310
503 92 3843
150 597 8788
910 798 1390
578 153 5722
2 264 4378
512 640 3439
243 28 1663
987 292 178
94 890 8420
360 392 2303
224 370 5522
646 348 408
535 182 5145
748 712 1416
452 305 5522
897 802 5652
336 519 7476
808 595 1859
82 257 9947
498 618 3408
894 473 7926
261 878 2861
615 56 5391
569 300 5657
25 768 673
290 789 5157
660 658 4501
905 448 3204
388 592 509
211 260 2290
127 344 581
377 572 4551
939 34 6503
554 523 5995
850 210 8622
913 349 7804
449 830 829
75 437 8013
208 912 1936
914 963 2834
454 811 3
283 480 3049
167 678 6914
333 138 5211
741 901 8065
297 940 8772
246 672 4013
924 241 3790
173 53 8770
962 927 7589
883 22 1775
492 886 2839
21 100 4199
596 774 9754
378 522 3865
563 142 7810
885 242 7906
868 689 8419
158 201 1729
446 937 1828
345 893 8956
380 495 7541
896 970 7681
472 729 6258
687 634 7727
787 525 2360
463 116 2982
530 747 5384
213 424 1980
355 443 8890
671 79 1266
418 859 5795
281 861 7014
5 853 1962
670 715 4362
87 429 3096
431 178 7157
884 103 4606
647 217 6057
762 526 2251
941 659 2421
516 836 1517
289 206 5035
908 935 8648
209 409 948
439 395 1093
874 397 6835
179 176 2173
66 661 24
824 801 8167
466 543 4982
363 402 6462
799 38 2246
453 1 4230
800 536 3901
245 8 6704
556 738 4732
250 40 4524
31 311 2711
764 743 6014
135 232 3480
724 983 9221
490 353 3556
340 986 1432
262 909 7998
515 851 7009
337 573 203
381 631 1246
43 863 6630
683 624 8934
84 806 6885
977 163 4730
545 274 6604
108 352 7404
343 65 1696
577 485 1043
947 114 9246
351 821 8223
491 637 861
645 775 3771
3 636 9298
918 49 5025
444 834 322
471 483 9714
677 864 8317
562 373 7797
649 387 2665
272 601 544
308 61 5581
895 922 4437
318 216 9663
794 680 9167
829 749 9056
510 447 5773
989 882 1862
36 960 8494
847 62 650
118 844 4238
231 551 7620
13 795 464
426 697 2611
951 121 2620
644 675 881
488 711 1307
181 907 4807
681 633 3697
265 330 3501
98 416 457
425 379 1012
971 312 6103
401 394 4424
215 842 2314
703 404 6080
832 611 6001
44 938 6359
423 783 7808
433 990 416
934 359 4531
639 956 9318
742 172 3282
612 354 258
461 421 8741
185 408 9312
329 904 2394
557 717 1588
825 164 4469
393 258 89
915 396 6583
657 605 7978
887 294 4386
326 708 1717
579 590 2395
263 856 3772
78 191 2913
804 679 510
814 228 5678
77 374 5206
693 202 9692
833 866 6882
701 723 2633
328 95 7319
342 291 1614
207 923 6850
205 518 2828
230 506 4338
341 411 7256
405 481 852
730 877 585
284 816 9247
120 110 5407
792 709 1746
875 67 2342
776 652 4059
57 520 2155
237 295 3514
247 183 2399
588 667 340
45 953 2074
357 496 220
682 369 7218
752 47 447
200 288 3499
650 267 142
815 126 7841
156 497 9010
238 146 3444
662 771 5691
133 531 3459
458 584 1289
898 259 8301
16 862 4655
462 617 6931
565 117 2853
541 656 4178
835 55 6621
382 931 5024
968 770 9960
203 321 3029
269 9 7946
627 807 7036
76 365 827
139 978 6713
581 575 2527
988 315 461
7 548 4201
571 769 5784
218 151 507
73 509 9502
756 694 8193
651 86 1742
969 616 1695
972 457 7231
298 735 6599
440 195 9547
33 614 768
19 642 8449
255 982 2531
867 434 8693
270 906 8888
398 104 1115
29 570 8465
64 147 8820
88 843 4949
746 740 1864
643 362 1456
632 500 7909
744 917 3064
386 26 3926
585 936 6915
332 546 9480
600 865 5400
460 299 7001
900 252 7555
149 786 3889
143 233 7853
375 438 7830
928 192 4283
580 17 9882
18 623 9381
852 70 7640
630 872 1642
414 212 5776
278 145 2034
734 979 8142
214 870 8596
455 389 1346
718 450 6778
696 840 2251
184 846 2161
685 128 5061
737 514 1717
175 688 3189
558 625 5757
155 813 6930
105 368 3347
50 532 5095
869 666 2279
583 880 534
945 465 1892
236 653 9247
170 188 1090
358 966 3617
115 911 7358
673 854 6704
781 306 983
413 508 8760
805 881 4762
144 131 7185
235 190 8753
985 106 19
477 129 8375
96 256 9900
372 889 799
320 609 7328
319 219 2373
849 766 9552
686 553 4981
313 722 6862
663 204 7740
733 415 9200
484 812 412
728 48 7027
674 582 4947
331 132 1681
779 892 3037
101 502 1926
750 790 7977
676 638 9600
470 751 1930
148 23 629
325 35 5199
493 314 3242
11 524 6453
97 831 1601
763 537 8812
390 732 8754
692 826 743
293 891 1229
837 899 2216
930 561 5950
275 140 8443
954 948 9218
606 873 2113
442 430 7450
322 361 464
161 72 398
550 976 3001
706 641 7444
225 467 6219
85 196 4913
334 99 9606
469 367 1790
745 932 2338
223 54 991
24 916 193
560 74 3904
14 926 4866
124 782 6720
251 478 1655
767 823 275
403 69 9562
410 407 3155
839 383 8699
254 169 8391
950 691 3357
339 248 4902
435 229 3906
327 739 2141
818 417 1156
820 591 8656
239 919 4486
60 277 9630
296 309 7802
501 702 5816
619 533 532
174 316 611
860 271 7982
12 286 3675
504 220 589
858 574 9722
888 684 5316
925 122 698
91 162 1944
955 809 9975
973 197 453
507 755 8665
759 539 2687
476 285 9088
540 350 8346
598 459 3377
780 189 814
773 282 5633
527 604 9013
406 610 4991
568 276 1719
655 587 9718
699 268 4073
432 975 2450
166 419 3169
482 705 1172
952 586 1853
63 704 945
30 428 532
273 668 2880
841 324 7660
80 517 7299
399 165 1022
253 757 1621
112 521 9848
59 400 3926
134 42 7121
474 589 6835
487 665 9970
412 719 8569
244 555 3475
338 967 9018
113 420 2580
698 323 6449
39 828 4045
249 857 4547
102 15 5271
391 119 2040
168 89 7197
959 221 5032
810 505 4973
721 716 8329
902 929 2740
761 753 1400
848 714 6185
27 198 8485
534 499 7976
111 193 372
648 626 4386
796 109 9921
628 602 162
4 93 3972
317 177 5236
71 727 7541
376 700 9057
479 199 2498
827 240 1710
356 793 4303
227 552 2038
456 566 3917
920 451 1492
654 347 8190
933 819 998
41 180 568
695 513 2927
608 564 1592
772 528 5036
20 335 6745
234 226 5513
436 371 4773
946 957 2772
903 822 9754
304 838 5746
441 303 4513
90 92 3856
597 798 6763
153 264 9197
640 28 9165
292 890 3319
392 370 6814
348 182 1155
712 305 8255
802 519 6801
595 257 7562
618 473 1359
878 56 1261
300 768 3724
789 658 2713
448 592 2832
260 344 7110
572 34 91
523 210 9722
349 830 9275
437 912 6682
963 811 466
480 678 960
138 901 7622
940 672 4957
241 53 7275
927 22 1296
886 100 862
774 522 7256
142 242 2051
689 201 1927
937 893 8786
495 970 1271
729 634 8013
525 116 9985
747 424 3462
443 79 1500
859 861 6110
853 715 9491
429 178 945
103 217 7771
526 659 256
836 206 1923
935 409 478
395 397 9564
176 661 6032
801 543 2587
402 38 559
1 536 9964
8 738 5184
40 311 3849
743 232 7398
983 353 3708
986 909 1445
851 573 9074
631 863 874
624 806 6560
163 274 5994
352 65 6362
485 114 3960
821 637 6017
775 636 1467
49 834 7293
483 864 2399
373 387 7180
601 61 74
922 216 6090
680 749 8482
447 882 8881
960 62 1342
844 551 8242
795 697 1690
121 675 3909
711 907 3951
633 330 8942
416 379 3426
312 394 2705
842 404 5068
611 938 3286
783 990 6922
359 956 7936
172 354 7605
421 408 5051
904 717 8020
164 258 3620
396 605 2657
294 708 2942
590 856 3274
191 679 4498
228 374 5577
202 866 326
723 95 3830
291 923 6737
518 506 8299
411 481 750
877 816 4040
110 709 2735
67 652 216
520 295 4788
183 667 1843
953 496 8317
369 47 5926
288 267 9292
126 497 3872
146 771 8494
531 584 463
259 862 6891
617 117 7418
656 55 9019
931 770 6304
321 9 668
807 365 2033
978 575 8642
315 548 1259
769 151 5694
509 694 9688
86 616 1619
457 735 3669
195 614 9748
642 982 1798
434 906 1553
104 570 1257
147 843 4116
740 362 344
500 917 8711
26 936 6211
546 865 8041
299 252 2013
786 233 3745
438 192 6069
17 623 1105
70 872 5817
212 145 3198
979 870 4854
389 450 2479
840 846 963
128 514 1429
688 625 5982
813 368 426
532 666 3287
880 465 5997
653 188 4364
966 911 8668
854 306 5156
508 881 7155
131 190 3664
106 129 1764
256 889 95
609 219 6519
766 553 7665
722 204 7525
415 812 9807
48 582 8591
132 892 7416
502 790 581
638 751 2527
23 35 4851
314 524 8019
831 537 4062
732 826 1007
891 899 704
561 140 7811
948 873 4752
430 361 7986
72 976 3302
641 467 9503
196 99 9565
367 932 3441
54 916 4538
74 926 4782
782 478 5052
823 69 2711
407 383 7508
169 691 1952
248 229 7607
739 417 9172
591 919 1089
277 309 8726
702 533 5629
316 271 7787
286 220 6290
574 684 6982
122 162 688
809 197 1507
755 539 92
285 350 9288
459 189 6183
282 604 8553
610 276 7222
587 268 7388
975 419 7326
705 586 2092
704 428 4958
668 324 305
517 165 3522
757 521 7856
400 42 9252
589 665 399
719 555 389
967 420 2012
323 828 6029
857 15 5823
119 89 960
221 505 2060
716 929 1042
753 714 6461
198 499 8651
193 626 7808
109 602 2750
93 177 3965
727 700 3271
199 240 4923
793 552 9747
566 451 7571
347 819 7269
180 513 260
564 528 2454
335 226 1257
371 957 1004
822 838 9144
303 92 8735
798 264 8829
28 890 7192
370 182 9958
305 519 1466
257 473 2032
56 768 1589
658 592 8546
344 34 824
210 830 1688
912 811 8408
678 901 9923
672 53 2191
22 100 8911
522 242 8118
201 893 3013
970 634 2165
116 424 594
79 861 7658
715 178 9480
217 659 8057
206 409 3283
397 661 9828
543 38 5583
536 738 2091
311 232 6232
353 909 1685
573 863 7505
806 274 159
65 114 8553
637 636 1508
834 864 2475
387 61 8686
216 749 1542
882 62 4940
551 697 5677
675 907 8804
330 379 6783
394 404 6747
938 990 1256
956 354 1411
408 717 8361
258 605 6228
708 856 5111
679 374 1231
866 95 4704
923 506 6718
481 816 9171
709 652 6672
295 667 6207
496 47 5795
267 497 7916
771 584 1011
862 117 6970
55 770 1283
9 365 9159
575 548 4905
151 694 4453
616 735 4734
614 982 2139
906 570 6838
843 362 5562
917 936 5005
865 252 7571
233 192 2755
623 872 2807
145 870 9930
450 846 1167
514 625 7469
368 666 5805
465 188 8707
911 306 4643
881 190 5252
129 889 4563
219 553 2843
204 812 3590
582 892 9437
790 751 8545
35 524 2265
537 826 4980
899 140 128
873 361 1541
976 467 6151
99 932 5997
916 926 4762
478 69 8929
383 691 7236
229 417 6964
919 309 3389
533 271 6267
220 684 8066
162 197 2833
539 350 9739
189 604 283
276 268 3497
419 586 4303
428 324 7471
165 521 6289
42 665 3442
555 420 3038
828 15 6036
89 505 8429
929 714 2493
499 626 2674
602 177 1275
700 240 820
552 451 8092
819 513 530
528 226 2249
957 838 3858
92 264 6646
890 182 1274
519 473 23
768 592 5683
34 830 2661
811 901 2986
53 100 4384
242 893 3912
634 424 9207
861 178 6693
659 409 1895
661 38 3160
738 232 2481
909 863 5714
274 114 2495
636 864 1565
61 749 4295
62 697 1695
907 379 8512
404 990 2035
354 717 7605
605 856 441
374 95 2233
506 816 3132
652 667 2282
47 497 8469
584 117 3720
770 365 2974
548 694 8199
735 982 7482
570 362 1492
936 252 7683
192 872 901
870 846 2500
625 666 228
188 306 9641
190 889 8412
553 812 1763
892 751 7492
524 826 8592
140 361 4029
467 932 1354
926 69 87
691 417 1934
309 271 9625
684 197 7761
350 604 2352
268 586 174
324 521 3863
665 420 5155
15 505 7944
714 626 6477
177 240 8162
451 513 4448
226 838 4636
264 182 6476
473 592 1401
830 901 8764
100 893 8748
424 178 7089
409 38 3005
232 863 4078
114 864 2604
749 697 6213
379 990 9686
717 856 2259
95 816 5463
667 497 2503
117 365 1807
694 982 8824
362 252 6391
872 846 488
666 306 5989
889 812 1411
751 826 9550
361 932 5773
69 417 300
271 197 6795
604 586 176
521 420 4960
505 626 2282
240 513 939
838 182 5911
592 901 4127
893 178 7241
38 863 2516
864 697 3741
990 856 9708
816 497 4026
365 982 3912
252 846 598
306 812 1771
826 932 4269
417 197 1871
586 420 4644
626 513 2023
182 901 8506
178 863 2229
697 856 2368
497 982 9741
846 812 1467
932 197 7050
420 513 1464
901 863 736
856 982 1919
812 197 5409
513 863 1019
982 197 2547
863 197 6153
868
128 6524
28 7212
473 6736
831 1626
857 2750
746 4759
538 218
505 7336
544 4009
46 5670
677 915
740 2321
144 9591
114 7752
322 2153
171 583
891 8523
77 8083
94 8126
815 2870
939 503
426 1092
563 5210
688 1906
780 8798
736 116
658 2244
704 8878
425 5286
373 7884
485 4461
552 2494
278 3760
567 1338
719 7373
961 1903
775 4426
212 7316
769 7426
674 9429
975 1076
628 4956
15 6342
259 1654
480 211
407 2597
463 2592
518 1846
884 1267
151 6101
489 8606
934 4593
466 6608
914 8524
693 7778
488 3504
686 598
215 372
106 4170
48 1558
897 5175
901 5913
510 1301
109 6698
281 7853
382 1386
593 5218
723 7323
930 369
986 2897
606 3003
920 2399
497 2027
178 288
625 7155
655 6412
100 2571
340 940
496 219
203 3418
389 7288
164 7646
332 1195
250 6392
665 9895
842 1559
506 3151
560 5070
766 6718
200 3924
645 1903
85 8035
970 2169
97 5443
443 1796
333 2065
484 6540
448 7877
757 2440
33 9574
60 2634
908 2453
697 9518
959 9500
61 3590
700 9671
862 1986
989 3355
629 1817
176 1700
870 2625
430 3036
63 499
547 9173
727 1948
955 2753
462 9557
849 814
232 3209
554 5316
314 6446
582 1102
303 7115
604 1486
396 4932
844 3139
713 307
491 9241
66 7141
470 435
747 4518
118 8712
651 7551
296 7960
70 6465
408 7669
330 7613
142 2988
181 5547
654 2075
323 2899
709 7590
115 938
670 421
699 4396
835 7315
966 233
177 3766
310 753
794 2392
307 2296
682 7707
27 1421
503 5175
839 9252
234 7918
572 863
838 4993
817 5353
247 7020
555 400
900 7163
850 4709
405 2089
907 7414
91 2419
13 270
442 3058
760 5528
911 8597
53 3095
467 7764
858 8434
971 2345
193 9375
962 1739
337 5899
687 7807
559 8731
773 2350
678 8453
23 8958
893 1685
581 1081
490 1173
635 5753
603 3844
379 6170
374 1636
113 2484
724 7918
720 8945
279 1109
612 9733
353 9580
297 8193
618 1560
810 2622
351 7053
523 3804
257 9422
504 8426
597 429
636 142
316 8078
906 726
45 7383
32 7912
685 4279
781 6562
220 7897
610 4256
910 8055
87 3128
258 6807
536 7335
873 348
36 2620
162 5266
469 684
877 9353
460 884
59 3147
238 7775
632 251
796 2763
738 1779
213 2808
772 9757
435 848
31 4324
69 1721
266 3736
43 7348
404 6661
515 8369
412 223
384 2980
209 5802
846 771
917 8394
542 1364
944 9803
123 8070
152 2000
878 2381
76 2790
108 6510
55 411
701 5735
624 7367
734 5963
6 3159
96 3723
729 5879
672 9952
231 2860
354 2738
436 8962
492 7319
578 6044
196 5938
419 2061
749 611
452 798
589 2107
207 1448
883 7830
821 4764
647 8684
350 705
530 6900
783 4986
871 2940
324 5993
180 5207
474 5928
808 6917
925 4459
785 628
235 9018
325 1395
895 5610
336 4879
19 3702
406 5550
660 2346
221 6667
74 4622
21 3556
940 402
827 5940
637 5966
112 4988
903 4400
649 720
199 2520
500 9622
24 525
652 579
84 2030
668 134
197 9555
146 3794
826 8688
896 1122
255 2396
533 8219
464 6983
936 730
385 8029
328 931
437 641
648 8840
638 3235
614 368
440 4830
958 7480
9 8476
702 24
173 3578
225 9289
192 378
892 8489
365 1036
680 6117
242 7939
93 4282
969 8701
237 8686
935 173
948 3201
153 4926
957 6185
138 3976
778 6471
634 3716
299 3151
949 7179
819 1418
161 6581
952 3297
456 9412
334 7874
546 4871
147 4717
703 9563
95 8198
599 1894
656 3343
186 2662
184 6879
879 5655
228 3113
916 9250
770 2076
516 7036
148 8469
139 7904
755 4440
825 1495
321 5498
576 9982
590 649
339 9553
579 6718
608 824
626 858
368 2173
319 3675
830 7359
550 7484
922 2105
165 661
477 4217
111 2824
285 9189
331 4778
338 1688
37 9737
784 7288
640 3531
732 7455
188 536
432 9135
208 8379
375 2387
133 7719
483 182
357 2213
11 4751
251 1857
566 940
507 3667
402 4554
183 706
107 7986
676 9868
663 1116
675 2099
937 1285
664 7517
294 7727
874 7465
570 6908
56 2652
8 2211
824 7439
198 6196
458 4952
721 21
684 9185
856 1066
253 6693
398 6800
845 747
495 4648
867 3079
802 9540
761 960
988 9268
890 8541
866 326
521 879
150 9429
202 4208
758 104
787 6755
513 6568
167 4796
461 7259
568 2858
875 7858
698 3070
7 1923
320 9705
18 1382
983 1822
3 90
600 1518
894 8074
214 8575
58 1047
292 806
532 325
591 5269
311 7104
615 9248
806 715
535 2614
301 2701
731 2945
102 748
946 6900
633 8943
157 2297
525 4474
224 7242
801 7857
411 6710
205 5914
438 4453
864 6894
135 1176
662 9357
143 9973
564 5827
828 8148
434 1887
169 7284
537 1478
304 9613
347 4895
403 854
252 9032
753 10000
520 897
80 9954
341 4471
915 4223
574 976
586 4256
953 9943
545 417
261 8120
514 6067
881 3537
767 1655
352 1475
919 3065
630 652
923 2386
230 4305
869 48
863 1820
617 2611
548 2830
73 1435
587 6936
876 9571
280 6287
393 6406
577 5232
837 2724
782 4621
888 7174
170 8783
980 6695
735 7349
631 9700
860 9165
571 304
38 4191
342 8220
246 9880
807 2952
137 3614
371 4769
267 7813
317 5409
791 2647
369 2148
557 801
854 2895
105 2597
367 1044
619 765
918 3636
1 8748
44 840
947 521
594 812
348 5645
726 347
486 3295
264 8299
522 2026
388 4790
812 3956
932 1956
110 2987
187 2789
233 5611
444 6875
840 8703
562 1059
326 4443
659 189
588 8199
51 8295
852 8561
104 1999
172 863
380 1299
34 2233
836 2948
454 2078
35 6234
974 2153
243 1011
65 1633
273 1747
191 2398
216 2616
641 835
543 5755
627 5612
308 8538
716 8079
210 1135
136 3216
117 4141
913 8153
450 218
752 696
487 4233
909 3514
17 2268
227 8869
768 138
5 1578
125 5724
222 7808
779 1849
541 4115
653 272
508 9419
899 91
71 8308
295 7130
226 3033
288 6873
410 6659
803 9588
621 1696
57 7488
565 3159
129 8608
741 6286
694 3785
650 5028
661 2745
283 6842
792 9980
327 856
360 2318
293 5468
363 4656
217 9974
981 8752
12 8944
204 870
912 4961
933 1626
611 1735
25 6295
16 2747
711 6224
774 4607
968 4699
737 2814
714 1803
141 8452
973 876
777 1355
601 1668
924 6390
245 9066
471 962
745 7599
865 6349
512 1905
683 8545
561 1867
798 4586
715 6263
596 6144
79 6599
771 7904
954 9642
349 1788
75 9287
681 995
433 3289
82 5522
472 1590
921 8992
967 4194
465 4991
965 8190
457 8893
29 5516
271 4166
390 6582
657 2082
708 3590
315 1137
274 1003
882 3928
47 8288
823 5787
158 5219
607 993
400 7208
804 6654
602 7086
926 585
551 2616
584 7800
329 8205
78 5675
799 7133
219 548
673 4520
81 7431
262 3900
88 4710
223 538
446 6850
318 2544
598 8663
855 7072
42 1150
300 5815
943 1362
710 6050
218 5596
690 3101
540 1005
201 9713
494 6143
468 7225
413 6220
241 514
103 643
335 455
179 5266
254 2697
853 1214
786 7030
722 1114
902 2233
421 613
762 4291
718 198
120 3579
985 1202
195 4805
887 2709
938 574
370 5045
182 5866
945 9466
269 2254
691 793
260 7234
984 7675
642 1352
575 3753
643 8411
90 6615
249 4556
756 7106
712 2476
750 1275
569 2484
977 1578
679 8855
54 7111
155 6565
345 1697
455 7560
445 4572
64 4803
290 7015
298 259
558 5337
765 9161
868 5807
92 8173
502 8439
275 5897
666 242
476 2361
418 8225
728 3921
414 6087
284 9782
717 5112
376 1887
190 9313
256 7735
639 3206
764 2471
344 2505
287 1779
355 2545
286 2226
859 846
733 4366
820 8339
358 5033
754 7803
131 2328
942 3703
40 1362
889 7800
475 5092
229 4614
244 4138
99 819
848 9004
482 9555
211 8964
744 8800
789 9443
431 8116
127 737
439 302
927 5227
424 9955
272 8080
130 9197
263 4041
526 3907
797 7800
50 3037
990 165
539 3750
898 3556
905 8584
312 2630
20 1918
788 782
166 8610
174 7821
362 2771
302 7311
809 1120
423 3600
122 2869
811 1557
829 824
381 5131
517 5219
886 7718
68 5703
49 978
449 7435
620 469
743 24
478 9242
880 1682
132 1379
524 4483
399 1208
595 4198
795 3991
793 5477
790 1034
291 6722
62 4081
616 159
511 8501
960 4242
763 9435
391 8209
270 6127
447 9240
885 7377
401 9288
52 7038
175 1758
748 3571
392 2021
366 2752
861 3325
499 2200
387 3936
427 5581
313 5133
556 1062
951 3453
265 7561
800 1278
346 1487
605 8718
847 5102
832 7447
361 4669
841 4377
149 618
417 957
529 5202
622 635
415 3285
671 8518
527 8489
987 5069
26 3862
813 7614
276 4545
459 8774
509 3110
451 8057
739 2507
818 5618
194 8133
