941
545 583 5118
388 257 4556
466 860 8331
888 585 213
254 842 8083
222 611 6086
177 394 4485
518 367 8381
531 277 5952
589 738 8116
890 271 7111
728 118 3074
935 697 3978
31 766 9957
774 323 6114
134 151 2942
364 167 1724
83 231 29
211 657 4779
240 412 5072
338 258 1975
491 456 1334
112 261 6154
817 513 2169
187 308 9677
770 923 8651
47 818 3310
44 552 4687
872 249 117
938 664 6668
814 686 6680
669 573 9422
164 159 8827
666 673 7517
633 534 8667
93 110 7682
696 457 1341
472 896 6022
281 731 4722
334 241 9310
852 195 7903
833 893 7125
390 563 2746
685 663 8424
319 435 4807
499 529 9319
582 333 1908
512 353 3482
895 509 1137
891 136 4115
46 263 4085
459 439 2291
18 268 9997
803 553 1055
903 200 4709
397 55 7492
149 581 5132
383 811 6440
797 40 4723
290 772 6996
761 574 5270
150 795 8239
377 347 7919
505 354 7660
739 652 8487
853 97 7463
235 885 2159
373 360 1147
640 348 3038
678 78 648
665 892 6603
431 489 4099
341 304 9293
527 692 7279
880 320 8353
389 318 3883
85 278 8316
773 662 8763
837 387 2337
59 343 1419
385 199 5829
650 482 6817
430 5 4450
522 380 659
4 506 4521
289 517 9561
493 779 5163
61 614 676
300 113 2362
502 725 6399
789 806 8715
441 530 1189
54 570 8639
827 115 5076
588 158 1522
401 637 5616
879 324 3235
38 674 906
203 399 9558
265 908 4162
204 371 2550
480 422 331
875 718 8351
255 914 2926
60 683 9738
303 156 8338
858 21 2394
266 405 715
143 911 1592
715 704 9136
520 568 3338
735 576 6338
671 707 8665
124 105 5609
267 767 9282
584 932 9153
28 340 8653
613 498 9877
689 443 8397
910 464 6250
759 221 9175
309 510 944
922 408 1942
631 590 8420
140 10 3806
660 481 6217
295 424 1616
370 226 1065
185 836 6894
250 139 3510
547 488 9696
275 220 5590
500 719 1173
609 607 7359
130 50 6269
561 53 8511
207 681 775
857 197 911
603 746 4183
873 434 5496
909 894 875
72 29 4903
447 815 4461
848 629 6973
655 861 6123
190 748 1578
410 688 5606
176 153 7595
516 126 6344
677 236 2482
627 414 1673
764 732 3429
43 253 9763
366 721 4409
122 297 1909
313 684 1760
215 362 5205
11 508 4320
832 62 5946
436 604 8167
239 451 1368
791 653 1788
212 687 557
579 682 3448
437 306 8284
142 216 9332
578 328 8584
165 668 2724
736 242 2019
376 497 9221
407 495 2183
237 847 9491
144 229 4325
756 223 9678
305 634 1644
287 724 5678
785 123 1069
846 822 2197
227 782 6829
698 396 9427
452 586 698
695 104 8704
251 544 1409
63 693 9509
593 648 239
42 116 6444
830 25 2502
379 107 5129
813 841 3651
342 283 1193
902 699 5870
737 874 7466
127 260 7714
56 871 8635
925 162 973
336 802 4902
276 73 5178
617 246 5771
80 635 4365
429 722 6591
672 618 2238
256 453 2180
96 133 170
86 525 2043
3 485 8183
905 835 7927
454 157 1671
12 658 5652
288 321 7214
930 729 5784
654 284 2743
369 351 4473
372 91 8435
327 733 719
426 598 4868
427 526 939
13 538 9258
744 178 8615
66 117 8459
418 92 6064
825 298 808
141 823 9490
119 919 6366
921 359 7587
192 831 7834
709 769 3331
344 580 8929
675 198 2434
824 423 6767
428 391 9811
75 555 1838
280 355 1983
455 382 9353
866 602 1245
753 252 6609
816 856 1648
670 567 9536
363 274 3265
638 868 3244
743 259 2016
161 316 190
762 810 9813
90 920 9524
84 196 4475
569 616 9892
9 701 9855
468 36 5698
641 409 7781
477 438 2932
445 415 3341
855 601 900
632 749 8484
829 758 7493
440 234 8253
727 67 1561
82 462 1841
471 365 2786
556 776 1541
332 926 8792
330 15 3211
521 100 1579
479 183 972
34 201 74
299 542 1621
170 844 3827
69 166 9791
98 52 3579
898 876 419
870 490 160
238 750 2925
575 191 381
361 417 7968
646 129 6478
734 121 5371
625 691 4197
819 639 3723
881 511 9020
87 549 1057
286 77 1164
41 109 3717
838 615 5453
279 594 4955
88 679 2863
374 463 5461
564 780 905
700 79 137
375 712 9199
907 171 4388
194 442 7241
599 694 7007
787 934 242
292 357 5250
448 329 1759
667 154 9622
843 900 7297
450 690 5679
49 755 3580
612 730 7578
620 628 4008
805 768 4082
726 936 2679
125 661 7754
68 174 1785
850 312 3094
786 778 6173
647 917 9930
807 95 169
496 939 1192
301 597 8923
826 45 5652
294 901 2145
163 828 1578
821 754 4630
296 247 5875
94 368 5470
22 392 8147
503 114 9092
6 449 6950
606 264 641
135 57 237
504 608 9488
335 626 8163
720 225 3184
243 302 181
27 702 3066
624 931 2514
146 540 2579
710 8 6879
326 209 4612
543 403 2446
929 859 9976
217 571 4751
446 245 3334
425 519 2215
352 723 7008
622 763 8897
706 486 8523
58 820 1811
152 315 7232
610 887 6706
7 883 6322
864 643 1352
172 233 4209
630 535 2277
81 523 190
793 551 7667
465 765 3456
16 851 9615
395 101 9254
24 339 1349
799 741 862
566 145 9083
14 421 4198
205 913 8753
714 147 7297
924 173 6022
33 804 5948
384 398 8319
402 532 1377
562 20 9860
808 572 2075
478 915 6923
790 285 1644
148 550 8154
322 467 4748
645 487 9927
346 788 6451
863 48 4962
337 32 856
37 350 5717
623 565 1562
202 862 6474
484 577 1551
108 180 1182
798 138 2700
400 349 8644
269 548 7173
476 771 9982
244 524 3477
801 937 8248
325 184 6672
411 475 2373
282 742 3990
783 419 3166
912 469 9659
314 591 7207
26 181 6949
757 17 7172
160 752 3397
751 703 1021
680 230 5530
386 213 110
193 865 1970
345 406 1618
155 432 6627
747 536 9169
781 214 5929
869 2 8119
393 711 5200
169 619 4487
918 460 2421
483 740 8272
39 444 7416
760 102 319
307 182 1332
676 940 8388
514 248 3187
179 270 4361
175 745 8075
413 103 7153
433 224 269
89 705 9886
106 775 1312
867 708 2678
208 210 7769
473 262 9414
839 642 543
206 218 39
558 928 7356
76 331 1648
854 878 3094
904 120 988
528 600 494
420 99 9502
927 23 9448
636 882 754
621 809 5085
559 168 3526
889 941 3965
717 649 4873
291 189 3657
796 792 2594
899 840 6081
845 656 1412
494 800 969
317 356 7217
906 35 8769
30 546 1532
137 916 3780
533 272 2260
111 470 7937
358 812 4366
515 877 7721
311 70 5681
232 784 8456
651 128 4072
74 587 3560
474 933 5603
897 777 7906
131 884 7376
404 381 2886
219 186 1081
834 378 798
228 19 509
605 595 5341
560 132 9059
458 416 7741
507 794 475
64 188 9098
557 51 3336
71 501 3401
849 596 2956
537 492 4142
886 713 2482
592 716 8316
461 644 6226
310 273 2013
293 65 1456
659 554 5044
1 541 22
539 583 4513
257 860 6019
585 842 3718
611 394 7651
367 277 3336
738 271 3170
118 697 5304
766 323 1980
151 167 9106
231 657 8662
412 258 3653
456 261 4034
513 308 5988
923 818 6254
552 249 1421
664 686 2719
573 159 1064
673 534 653
110 457 4770
896 731 5006
241 195 1595
893 563 4327
663 435 1324
529 333 7680
353 509 2589
136 263 9272
439 268 9222
553 200 184
55 581 3956
811 40 4780
772 574 3263
795 347 3488
354 652 9034
97 885 2936
360 348 5994
78 892 4963
489 304 1002
692 320 1808
318 278 2670
662 387 2672
343 199 2999
482 5 3598
380 506 8839
517 779 7373
614 113 1029
725 806 8802
530 570 3491
115 158 1602
637 324 1198
674 399 9772
908 371 9302
422 718 7722
914 683 7422
156 21 8611
405 911 6742
704 568 1813
576 707 3016
105 767 3394
932 340 5280
498 443 1609
464 221 3823
510 408 4246
590 10 145
481 424 1340
226 836 4605
139 488 2226
220 719 1725
607 50 2331
53 681 8224
197 746 9131
434 894 4988
29 815 8806
629 861 5751
748 688 7339
153 126 8136
236 414 2210
732 253 3225
721 297 6738
684 362 1921
508 62 294
604 451 6735
653 687 1057
682 306 8185
216 328 8383
668 242 6742
497 495 4685
847 229 2280
223 634 668
724 123 4126
822 782 2738
396 586 2120
104 544 738
693 648 557
116 25 6061
107 841 8794
283 699 2137
874 260 4876
871 162 1185
802 73 8720
246 635 477
722 618 3352
453 133 6291
525 485 3073
835 157 2190
658 321 1491
729 284 4894
351 91 7064
733 598 5904
526 538 4177
178 117 1696
92 298 2469
823 919 1084
359 831 9516
769 580 9994
198 423 5723
391 555 4829
355 382 4400
602 252 1892
856 567 6944
274 868 4244
259 316 2703
810 920 503
196 616 688
701 36 5892
409 438 8414
415 601 2817
749 758 3163
234 67 9127
462 365 9878
776 926 6261
15 100 6706
183 201 2664
542 844 2196
166 52 6361
876 490 8589
750 191 8246
417 129 2426
121 691 3190
639 511 3064
549 77 503
109 615 9100
594 679 7227
463 780 49
79 712 1571
171 442 9459
694 934 8457
357 329 1532
154 900 6820
690 755 557
730 628 1496
768 936 592
661 174 3389
312 778 7451
917 95 6273
939 597 9384
45 901 1776
828 754 3570
247 368 7955
392 114 3586
449 264 5334
57 608 491
626 225 4751
302 702 723
931 540 9612
8 209 339
403 859 3259
571 245 2353
519 723 480
763 486 2684
820 315 3
887 883 4423
643 233 6136
535 523 2362
551 765 2195
851 101 3189
339 741 4043
145 421 3942
913 147 7470
173 804 4381
398 532 4965
20 572 62
915 285 74
550 467 9463
487 788 8103
48 32 5155
350 565 1553
862 577 9150
180 138 2245
349 548 3050
771 524 4066
937 184 9553
475 742 8471
419 469 6748
591 181 5870
17 752 499
703 230 7353
213 865 8054
406 432 4523
536 214 1564
2 711 9851
619 460 7241
740 444 9493
102 182 8581
940 248 7617
270 745 9179
103 224 4616
705 775 6799
708 210 1636
262 642 2884
218 928 8903
331 878 9421
120 600 9023
99 23 5842
882 809 8889
168 941 1718
649 189 3699
792 840 1750
656 800 390
356 35 5620
546 916 2004
272 470 3029
812 877 4590
70 784 8631
128 587 9865
933 777 2296
884 381 9682
186 378 6611
19 595 1072
132 416 6460
794 188 6841
51 501 7038
596 492 2631
713 716 2994
644 273 2204
65 554 8291
541 583 2308
860 842 1152
394 277 8891
271 697 6641
323 167 5567
657 258 3662
261 308 8246
818 249 2652
686 159 9602
534 457 7210
731 195 7284
563 435 8059
333 509 176
263 268 6788
200 581 4288
40 574 2505
347 652 2139
885 348 531
892 304 2119
320 278 7541
387 199 4460
5 506 4399
779 113 7099
806 570 482
158 324 9568
399 371 8597
718 683 7747
21 911 7671
568 707 1477
767 340 4918
443 221 6761
408 10 3759
424 836 2256
488 719 727
50 681 3035
746 894 394
815 861 7274
688 126 6194
414 253 138
297 362 3691
62 451 3695
687 306 2628
328 242 990
495 229 3880
634 123 1150
782 586 670
544 648 5599
25 841 5437
699 260 124
162 73 1732
635 618 2862
133 485 9386
157 321 817
284 91 6705
598 538 954
117 298 8224
919 831 793
580 423 49
555 382 3931
252 567 9815
868 316 5428
920 616 1605
36 438 6475
601 758 507
67 365 7590
926 100 7810
201 844 1448
52 490 3819
191 129 7976
691 511 5090
77 615 67
679 780 6841
712 442 4677
934 329 8642
900 755 7652
628 936 8188
174 778 1086
95 597 1251
901 754 4756
368 114 8129
264 608 4278
225 702 6425
540 209 3873
859 245 886
723 486 6647
315 883 6479
233 523 4926
765 101 1261
741 421 779
147 804 3856
532 572 2928
285 467 5135
788 32 2676
565 577 6335
138 548 2738
524 184 5975
742 469 357
181 752 2081
230 865 2146
432 214 1826
711 460 3574
444 182 3038
248 745 9906
224 775 1718
210 642 9540
928 878 947
600 23 232
809 941 840
189 840 830
800 35 3395
916 470 9646
877 784 676
587 777 2073
381 378 2481
595 416 6898
188 501 9609
492 716 3278
273 554 135
583 842 9079
277 697 170
167 258 7479
308 249 1139
159 457 1427
195 435 1678
509 268 6725
581 574 7701
652 348 8863
304 278 8449
199 506 685
113 570 5138
324 371 3994
683 911 2945
707 340 822
221 10 4644
836 719 678
681 894 9858
861 126 8892
253 362 1624
451 306 8073
242 229 842
123 586 7616
648 841 4958
260 73 701
618 485 5094
321 91 1830
538 298 5228
831 423 6225
382 567 2275
316 616 2886
438 758 2171
365 100 2630
844 490 1910
129 511 6924
615 780 9401
442 329 4194
755 936 9413
778 597 5768
754 114 678
608 702 705
209 245 9835
486 883 622
523 101 7735
421 804 543
572 467 2087
32 577 5622
548 184 2598
469 752 4255
865 214 8109
460 182 2494
745 775 6367
642 878 2439
23 941 820
840 35 2291
470 784 6340
777 378 5809
416 501 1479
716 554 3788
842 697 8075
258 249 828
457 435 1989
268 574 6799
348 278 9003
506 570 105
371 911 7057
340 10 9834
719 894 9762
126 362 687
306 229 6386
586 841 8843
73 485 2162
91 298 4344
423 567 1188
616 758 3064
100 490 5935
511 780 657
329 936 5013
597 114 1960
702 245 8739
883 101 6125
804 467 8008
577 184 952
752 214 4490
182 775 5442
878 941 7014
35 784 4856
378 501 7094
554 697 5403
249 435 3544
574 278 6267
570 911 5276
10 894 533
362 229 5470
841 485 2730
298 567 7893
758 490 7954
780 936 2571
114 245 9473
101 467 2495
184 214 8441
775 941 4263
784 501 8608
697 435 4361
278 911 1172
894 229 9948
485 567 4524
490 936 490
245 467 7888
214 941 6633
501 435 5740
911 229 8523
567 936 8161
467 941 4706
435 229 1260
936 941 1688
229 941 43
589
909 329
216 7937
36 6205
738 701
61 7524
313 6365
349 1412
775 6041
58 251
597 1505
427 3484
826 1767
749 6142
373 2671
449 846
71 507
64 9089
795 3257
256 5108
687 8267
592 5858
755 2679
616 4200
479 2675
743 4156
484 5192
79 8991
187 9833
593 859
917 997
335 8918
445 8291
355 3968
185 1708
619 8235
688 8247
819 1463
569 9403
709 8240
363 3427
311 9096
641 907
343 8315
550 351
208 4587
699 5280
108 7777
762 5823
757 6880
288 2302
488 5813
412 5677
824 3165
770 7358
536 2571
358 6039
497 4313
888 145
885 6562
485 8181
51 8201
450 644
891 1857
53 8062
245 2648
707 5940
532 9809
500 9291
623 7453
690 980
480 2619
894 1420
841 4008
73 2285
44 4548
325 9978
456 5676
759 8614
574 8710
223 3372
55 8643
397 6340
681 6337
881 2622
698 1502
558 6035
475 8130
602 1359
927 1437
682 8470
101 2898
63 8505
845 4799
70 4203
772 3106
305 1239
807 5033
832 66
511 2517
28 4482
38 5580
815 9024
806 1728
88 1772
81 1314
244 383
69 6141
334 4817
415 8489
920 5320
211 5590
277 5514
493 8260
697 852
527 2272
724 3284
159 4365
868 7039
630 3013
446 3185
275 1760
57 3502
502 9575
365 8734
21 5060
10 7715
489 7650
422 6596
312 8523
259 4542
278 417
603 5378
454 1053
735 566
160 9892
214 139
54 3311
674 968
202 5056
874 3788
508 7225
381 8223
637 6440
501 7442
526 6649
137 6805
752 7835
900 9369
322 1442
799 8873
52 2669
283 9975
808 9177
886 5138
908 634
68 3242
784 5746
809 8019
811 1016
535 2975
386 9253
118 847
831 8957
719 5525
867 6967
906 5582
23 8145
337 2241
634 9335
126 5297
642 1877
221 5028
97 1206
650 2019
105 4292
618 1642
166 3466
372 6192
308 2472
188 6260
212 3701
733 218
170 2017
464 1944
284 4625
65 7065
379 1506
584 1158
330 1503
858 7667
333 9276
341 2047
636 7633
262 9790
24 6047
48 2146
556 6004
887 3153
25 1902
296 8327
2 9154
123 1185
791 9650
753 351
66 406
512 4347
196 1026
395 8971
254 4337
33 4796
222 9794
810 1324
175 5533
40 8857
882 5897
655 3211
822 7777
596 5693
531 4551
769 5291
265 3796
437 3853
132 7351
837 8316
128 37
935 9362
26 3761
801 9985
568 8730
828 2535
524 6051
797 8083
230 6807
95 1937
203 5585
897 791
22 1618
777 9183
673 9067
774 3117
143 6389
409 9426
410 3102
351 5611
467 6451
491 9983
17 8622
839 5194
715 7039
153 6755
306 4594
251 4896
424 281
234 5639
718 5168
744 7421
356 4346
812 6884
368 3866
60 4697
820 834
399 391
316 2633
787 190
451 7840
14 184
873 3818
369 2130
16 6754
218 680
396 8614
168 601
377 8253
98 5146
890 9862
360 2152
121 8319
895 8964
782 7814
847 4908
56 9555
626 1477
238 618
693 1212
830 5430
49 2265
722 5967
645 9532
523 9943
779 699
248 9523
29 1156
15 7588
533 5258
472 3159
391 4465
162 3763
507 8511
42 947
252 1066
925 8381
901 3166
813 5947
364 3541
789 7298
622 8043
486 4465
354 3195
442 2585
893 271
323 2716
6 2201
842 1207
136 2107
37 1303
517 4697
115 8834
552 7612
515 9068
347 416
7 6646
748 176
300 6355
766 3449
785 4920
731 3080
509 7989
93 6322
875 7593
764 1598
726 2198
710 3510
851 8653
149 72
220 659
546 4123
82 6860
800 7998
411 1000
87 1900
152 4121
229 1321
692 2037
426 6985
940 4913
366 1916
542 3954
353 9486
768 742
34 200
631 1568
452 4209
309 6845
657 170
191 9682
92 4880
109 1109
367 7208
318 5260
263 5707
394 3850
94 4076
435 8027
183 125
257 7608
194 7775
469 2885
804 129
77 4547
39 3146
320 482
896 1715
561 150
582 4169
833 3339
293 308
627 6794
200 3505
111 1106
919 1698
878 8218
594 5956
154 6642
754 2344
635 6134
301 2098
466 680
537 737
142 9556
117 5634
506 1955
528 931
580 253
691 9905
653 280
389 2489
929 4871
272 1755
315 6073
268 2177
417 6702
721 5416
4 8087
299 4232
340 7481
520 9976
608 261
237 515
167 8939
932 6658
303 4991
573 9439
376 8982
872 5448
195 5243
771 4619
541 6071
734 5632
243 4062
27 7220
241 8782
776 991
939 2834
751 8673
598 1564
72 1303
677 503
232 6929
177 722
915 4899
458 1448
99 946
551 8407
620 2223
114 8687
714 5795
30 3578
130 2845
271 8684
829 1548
294 3241
457 486
90 6465
120 1724
605 338
169 6654
876 7169
328 8131
432 5256
423 1467
852 4859
242 2513
695 9657
647 3319
276 3202
138 143
668 1277
465 1507
385 2703
18 685
46 5024
307 271
848 6313
853 8251
274 3476
504 312
672 6851
727 9196
398 5489
125 1521
382 6102
431 184
840 4799
102 7893
420 8849
247 6785
680 246
838 2188
348 4463
629 8344
76 8259
713 6860
161 8872
173 4017
610 8173
928 2833
3 4442
544 7684
678 6089
638 2016
210 3977
510 8517
563 8299
816 40
176 1284
404 3206
217 9998
756 9147
730 5770
611 3676
513 918
184 9388
601 5021
180 6031
898 7443
570 1736
640 2390
13 374
780 3481
765 2074
165 778
436 787
393 8382
339 1786
729 523
261 8346
761 980
941 6086
418 5714
43 936
342 9736
144 884
834 2187
298 6097
778 649
498 2086
728 4753
712 522
703 9261
331 1983
380 6637
934 7689
231 9920
559 7237
850 6793
711 7066
190 9279
131 4199
658 1497
260 6387
903 1012
739 977
402 7548
665 2122
865 3203
723 7246
215 6703
803 8565
292 1540
555 2573
503 2258
525 2371
199 1921
406 1655
549 9360
683 1081
585 7299
384 3392
930 3961
122 511
936 9592
477 5868
706 2034
224 1676
473 2137
1 500
285 7776
134 5791
35 4377
178 1257
859 273
228 704
8 5087
297 968
788 9516
192 3543
279 3496
659 3567
921 8457
758 4187
760 8438
255 9199
155 2627
434 8365
530 1086
147 1666
899 8909
805 341
463 1361
